1.533609034913679  -4.912118421699212  5.657573287305341
1.108212992641992  -5.490491592496504  6.290625040735873
2.30437873094325  -5.39975222214705  5.367126747743786
4.247114734252999  5.323131917283212  5.95754772169909
4.627606569728838  5.780290320530358  6.707523719632857
3.451572165892143  4.917436930670621  6.302156833249007
1.814161683616278  5.207706879990134  11.69717136355085
1.913255290463327  4.94434146132745  12.61207625114008
1.332720349970655  6.034102033298065  11.73612175310839
-4.037969037315741  1.850018772074851  -6.497851827248088
-3.510856142188855  1.735450641247967  -5.707119268673581
-4.734195281075026  1.197913943492132  -6.418730717296704
-8.688845016693069  -5.635649671549371  1.838563476351796
-8.050912649310856  -5.804735430611315  2.531877359617212
-9.481711964003502  -5.36649796942972  2.302407421131426
-0.4096489229021094  7.837992338221164  5.627664131750063
-1.361600857672305  7.765367278516646  5.558780500964538
-0.114489280286942  7.984536261845271  4.728977588054131
-4.462215091715535  5.752043215989235  7.391883184829336
-3.777142088423264  5.455286148971639  6.792848909236343
-3.989632289261884  6.19693399585948  8.095423893538861
-0.5995466420032458  1.577843231710499  -9.341131285648713
-0.6144419445123432  1.164617210885892  -8.47785020414824
-1.516751742183944  1.596080303515176  -9.614323623415546
10.3645299126832  5.79492229154575  -2.804655738414296
10.94636526429566  6.426808476892097  -2.382258635698789
10.89959927041816  5.008049792570302  -2.908406848139588
5.752497125386712  1.692423137395939  6.489921518907875
6.622014071071826  1.432126963144565  6.793924845923432
5.397072834951393  2.221602636259757  7.203976468999803
-9.366919960684934  2.083528776946349  -10.83632671777176
-8.423934738750052  2.047838817648574  -10.99675407833644
-9.648146802008927  2.904560904633017  -11.24012066154164
-4.054048574771062  2.508066895033029  9.652036129165422
-4.569214665693976  3.275003466041065  9.902324033015447
-3.495570418777474  2.336257988926316  10.41020213279551
-10.97875675917898  2.086891969334062  2.99808772648991
-10.94633002767393  1.138105042894298  3.120495713569542
-11.60608095052391  2.392121909473483  3.653473782639962
-0.4715846309568336  -3.948474079731503  8.395387710071905
0.3399540850496197  -3.68512499689421  8.829304767804549
-0.931911256978764  -4.476727767336507  9.047522112558831
7.34735577817523  -5.477262731848456  -6.718692690630901
6.518030178265202  -5.888177083922054  -6.962824385815707
7.488479151611781  -5.74292504402251  -5.809990556067421
-7.498424798836042  -6.342207595848221  4.251668011808868
-7.140103001398853  -7.224287885410068  4.350519882038365
-8.385533817584863  -6.40242375358894  4.606130200485526
-6.356326958682928  3.153099341832077  -7.893262509442332
-6.158178913979473  2.324461492046227  -8.329529063606735
-6.999364233486059  2.923388745594981  -7.22246600886249
10.05664952822493  -11.60575366836339  7.100892745269194
9.816165417767532  -12.49850514778259  7.348670929563816
9.433013649906053  -11.37118786353325  6.413659877546876
-4.609969008047901  -1.210656515397181  -5.124726978742071
-4.981925561863659  -1.747182039982032  -5.824741638261753
-5.20984819421439  -0.4688785551130458  -5.046354409300084
8.816593950482483  -5.022362497268599  10.71032507782278
7.942812458991369  -4.999986686302336  10.32014938891948
9.130305829466831  -4.120161933040035  10.64826994999462
8.918951770812246  -11.87855395356603  -7.883660819372977
8.124406387636046  -12.08457839237523  -7.391234779559142
9.467904481384885  -12.65710168299255  -7.790139727849415
-8.9457220399738  -10.137764766823  4.095465175455342
-9.373424340606149  -10.92231861935847  3.752277421440799
-9.658802455459151  -9.619250563216857  4.468146247834829
1.273208966033674  -11.2565503647692  10.43652992942417
1.176592678492029  -11.09053077994524  11.374258371158
0.5346948650446219  -10.79917235469319  10.03449247029972
3.092773822320165  5.47496396637161  1.173468735804881
2.359701660056299  5.202844657024809  0.6213925396196081
3.61395323484465  4.680465923483113  1.289126506002046
-9.755376411194597  8.869113170177533  3.214592193972381
-9.260347999848978  8.256334267622121  2.670826869090758
-9.414881849541377  8.73428270886969  4.098965441073454
5.602261103069969  -1.548311920974482  11.78888749539498
6.145871057797954  -0.8833993889259655  11.36626309732328
6.165799603099051  -1.924927792012339  12.46476964833835
0.2887380689447268  -6.325641695907363  3.379164964271294
0.6928149327373554  -7.184060295755486  3.505937341318906
0.2547489350044261  -5.944466252721584  4.256537097568285
11.46217810809655  -0.9794080419746979  9.419374612076512
12.22293864905713  -1.461622155949302  9.095422782939735
11.77544458831825  -0.5398742726943925  10.20988458546822
3.312174404569197  -3.550006228937755  0.3518804031718698
4.249968956173639  -3.71707587148981  0.44601304107473
2.891642451537764  -4.320644756030827  0.7333263063342832
11.43468925280033  -10.46033380502169  -2.872963037137847
11.80584363614041  -9.597527963745586  -3.057468711812875
10.52077720048614  -10.28542775461804  -2.648453629390497
9.954640071339718  -6.302641831232259  5.308895142030204
10.71164356048569  -6.030676044714912  4.790038544900677
9.203509822484708  -5.917325988659162  4.857711265193727
0.9478230197504783  3.118500771984157  -7.352255023577168
1.133294148798426  4.055075333354531  -7.420522082130841
0.02335867052484784  3.039160223666483  -7.587420038839818
-8.133352361716735  -6.31066597802846  -4.712375304352666
-8.171070651897081  -6.971031575483038  -4.02047469856862
-7.198123039984304  -6.158866870127881  -4.848518562035469
0.09616083134210193  -0.9947777234758429  -10.87469603262885
0.09112773848722643  -0.2208738194070919  -10.31142056250481
-0.633773343018909  -0.8569676969338424  -11.47838166081989
9.287072233925752  -0.9891237235259958  7.714006602444027
10.06706769737418  -0.9475310335191663  8.267277752186956
9.258416002145275  -1.895416875961955  7.407341667657157
11.77351043052883  8.208642173753702  4.519391822526786
12.64639303617679  7.986972396258111  4.195092105440437
11.47880488047364  8.918715585725174  3.949149568412048
8.304033515736728  9.839589961283062  -5.581544009085524
9.030984915205503  9.22205194762341  -5.501417206480647
7.689448999421129  9.410827862302204  -6.177094825374655
-7.92556876684388  -10.46786471273494  7.752105566990894
-7.036125596425663  -10.71314140864998  8.006982064607666
-8.246167855228471  -11.21652403126661  7.249156971901232
-6.365445462801953  -10.57630563953489  12.00103617627514
-6.880398922557204  -10.26811194857739  12.74673814297503
-6.939450578872193  -10.45195024760065  11.2452017346002
-7.104539175239037  -11.94087612261711  2.56196949007348
-8.051743634650217  -12.07135566237855  2.517129309707949
-6.88184953332769  -12.11142897961972  3.477148645405179
-11.59464905198281  -3.255165099055811  -11.79583636175085
-12.51732674526395  -3.364750664226168  -12.02581183485109
-11.45562911119605  -3.859563282163869  -11.06672173954161
5.161450488559957  -5.377999237009835  -2.987808187804414
4.921205488274855  -4.510949004004554  -3.31451612049583
4.337753374933872  -5.865356126993889  -2.972375534464003
-10.57570145715959  -4.871268973563993  -9.737076043347647
-10.16950664270703  -5.737596782797008  -9.763791949871159
-9.868355483522123  -4.282575664488495  -9.473763108935749
11.42082783195249  -6.757107019107201  7.722931607865062
10.87643823671095  -6.635173251182969  6.945111599873145
10.80071490459155  -6.758213141130866  8.452102763228408
6.118276418689704  9.29481508794021  10.12884251084649
5.805005334913996  9.891229923444829  10.80882957841469
6.045777959248889  9.796978269321839  9.317172656383862
7.24054751060867  3.928076133267928  -5.264699722201122
7.951948214772176  3.617819147397368  -5.824950988004408
7.491489383699562  4.821724299447173  -5.030919972406348
-6.466644131104665  7.323446588384755  -2.335272917223629
-6.281989700239005  7.64254750923404  -1.451921807259523
-7.422158592765078  7.306555400898689  -2.389482153919269
3.049227935624066  1.28803190456975  -6.412855454224418
2.324717595174883  1.743317278803549  -6.841844771796543
3.77493136067751  1.911554003318735  -6.441255652064615
-8.125033002955419  -11.9255111024877  -3.943620328558186
-7.610367609331041  -11.62387825750516  -3.195042343687402
-7.775414207347582  -11.43592432407044  -4.688135824808423
-11.47487108424612  -10.81692152145779  7.298578525114616
-12.39557185480956  -11.03185942016194  7.44805638563092
-11.25597069168684  -10.20010025526309  7.997038247437504
6.171845831092861  -5.243321776972821  -0.3354097419142171
6.957869184364794  -4.69805120197769  -0.3025596558317375
5.890401575888769  -5.203832844920254  -1.249445624939584
3.26421734959671  10.11473969752229  6.790162736953565
3.353129177464537  9.47097013365998  6.087391596745218
3.060533736342893  9.594770627444097  7.567579608299881
7.820648418940797  2.295310644640942  2.285995042798115
7.445042541607457  3.09233510872015  2.660032565744548
8.01293526175996  2.524422837445212  1.376728737919805
-11.08934141136921  5.847608999098386  1.150964702528105
-11.31488175968351  6.754087930759552  0.9420165325511952
-10.88573291511505  5.860423260336338  2.086171211787981
-6.656812954341204  -8.923955579248585  4.466779296431058
-7.55544683627368  -9.24723588509714  4.402135425155939
-6.112675661898044  -9.703192090249962  4.353038772012422
2.400263205313746  -0.139722745286557  0.5999243610901354
1.919406757709278  -0.8431147132343136  0.1637493317454992
2.971841396948792  -0.5896805804511921  1.222072379990112
-2.66646214694362  -11.25191139907846  -0.8875630603929791
-3.313447586771194  -10.67852026502463  -0.4766320588372572
-2.013945011649728  -10.65443802327034  -1.252910557097562
10.13561245342271  10.79559730110376  10.06090394313187
9.498435556062157  10.10525660472457  10.24439008536796
10.69123551679983  10.43224266557045  9.371347375271135
0.2091252806624892  11.04615502373213  -7.092539573497143
1.021757946190275  11.18472277643255  -6.606063501291364
-0.2591255330583588  10.37785203283061  -6.592195564037814
-4.713388415385197  -10.81333232325209  5.107744244105816
-4.710252130589207  -10.58381490972443  6.037014797069402
-5.267245148682109  -11.59222274945419  5.054788952090854
10.70427205646265  7.615029643342516  11.44089132321076
10.6228718775632  8.122513748980314  12.2483971952638
9.953708433511661  7.884429876778647  10.91144859530977
-9.857990229075419  10.15930399387406  -3.451327663669602
-9.877447738789414  10.19080184165948  -2.494843930979591
-9.28960488324376  10.88688982254581  -3.703892111998875
5.291979161980747  2.767181575721212  -3.789799017944518
5.966036878908699  2.989511134076499  -4.432019853585515
4.509245219329859  3.226020554937548  -4.094800995272384
-8.950276316799146  -2.914299213449115  -8.632406020241797
-9.372513288955984  -2.767453521257891  -7.78601124117667
-9.44307388837669  -2.367720431894277  -9.244479568927986
2.566976751850822  -5.268184196956927  8.996781874000417
2.252977810706677  -4.420804416594635  9.312351221043992
1.875001808661158  -5.578108219699656  8.41253054270144
-3.833630659573277  -2.618401316556267  0.954008089685639
-3.078970459690552  -2.03089586005369  0.914547206615637
-4.590974250200698  -2.044242731902995  0.8399710544535867
-9.579831815733899  10.31488865190264  -0.6895683487311836
-8.792374370148814  10.47180614230874  -0.1684930061968595
-9.861894856261303  11.18660382282616  -0.9666693085819462
-1.881654157171115  -11.90560953421391  -9.482722044702422
-2.258777411215937  -12.12105834860666  -8.629732185656371
-2.560497647565822  -11.39416111310802  -9.922976366767543
9.498601687085195  -6.472874231940185  -2.424015957927352
9.751899864941047  -7.258816249186811  -2.908130633000532
10.11206383435508  -5.800440006709137  -2.720205502990892
8.554655216633327  8.142584746030311  9.617901478546486
7.643689702644925  8.377268009247963  9.794812298705567
8.498611539234954  7.391907294464646  9.026653383467485
-7.977083295702213  -5.998605752524428  11.45489074967529
-7.557231131019997  -6.303193584060554  12.25936713384811
-8.256045508591262  -6.799790735533359  11.01159113679364
4.998486734386459  -9.073618527807222  -3.206398694290207
4.321531564865793  -8.398161530606039  -3.164909136673733
5.453535826407425  -8.906946184829513  -4.03185765386192
5.183538394618422  -4.429385962141184  -9.944409797978532
4.650418324701861  -4.761864902398939  -10.66654038543293
5.149886508852544  -5.120671034474962  -9.283180382909235
-10.77052669902746  5.513347774727391  -9.506459172232317
-9.974727235019127  5.180845236652145  -9.091275941287757
-11.47784731650062  5.241734953309106  -8.921518269799776
-1.727075854051821  1.647267074408062  -0.7978764575239162
-1.288934091241533  1.402543459336292  -1.61296785602331
-1.496227839056888  0.9510165206849834  -0.1829161332645323
3.368720989405537  7.938954436003462  0.2538329082725812
3.25605980194939  7.981599769627962  -0.6957568306994792
3.108699758197518  7.047631305092991  0.4865642461388474
-11.81742561815365  -11.69077933276487  -10.51686898934958
-11.79572288179086  -12.28979663590566  -11.26315251574708
-11.56991173109214  -10.84183201493097  -10.88328018903421
3.001316519078498  8.534370726444678  -2.405928005940279
3.643134207773936  9.213037710990585  -2.615004591346223
2.175606665436017  8.868944087825845  -2.755921925104341
-1.527992476608374  5.554910289545217  -5.917178586659988
-2.249985271455398  6.048532462365662  -5.528211499763159
-0.7945718330386642  6.16991595594931  -5.926875487023
9.968032157895356  5.397206356978788  -11.34631930997409
10.17803638694649  6.091152391793035  -11.97127448000328
10.73512826149059  4.824764740115846  -11.35661509223394
6.809154802217045  -8.662099494632095  -1.317185828195019
6.01970855013041  -8.782229536155064  -1.844988090590752
7.028232266700604  -7.736042321719359  -1.420408970233649
1.401087502735399  5.890984425467799  -6.945526545929632
1.661532504527671  6.294851601674156  -7.773349923845795
1.960842488120078  6.306161102395555  -6.289375249906966
-9.098120671641226  -9.362933668947273  -0.5455367323564583
-8.904868901584178  -9.460627896823224  -1.477921540903626
-9.2544505071407  -8.4257091228612  -0.4297655237315772
11.17275320389159  5.304872295451388  8.260532730396019
10.42889678040137  4.715861003934491  8.134139852044663
10.86085391121159  6.155211858362244  7.950898593107683
-10.37435274951946  8.84519413655665  -7.326921466815504
-10.44961862297035  7.993333842583225  -6.896920387927107
-10.60267344150571  9.478508574152299  -6.646469907375872
8.27341860423979  10.57274718335629  7.861697553265409
8.281265128906078  9.627786791537112  8.01407908083225
7.348221227954963  10.81475649395895  7.902601691164876
6.789099315808291  2.311977116413337  9.789722555948019
5.936043054247611  2.636759850507606  9.501550679724179
6.780596941340653  1.381868101687407  9.563765103417746
3.97682992330689  0.8427468805781952  -11.12924587074696
3.168395783710633  1.335064306100596  -10.98680418281027
3.93697989769965  0.576472591601413  -12.04780007082935
9.425763616508728  -7.553978570528484  0.1246262222464829
9.448886556741027  -7.149848150360244  -0.7427697502652961
9.331461284045076  -6.818303802265374  0.7297060065996979
-0.284859042414556  -4.364411147437647  -8.764817531466701
0.137939786662969  -3.551492359394516  -8.487985390671669
0.4114815255940628  -5.020353959786531  -8.731943829617467
3.349303604135828  11.02918243643703  10.20865335587074
2.670815988581379  11.69858927741192  10.29686263426736
2.876525349265671  10.24271900670503  9.936278916144625
-3.266889184117873  -5.659027478264723  6.069043845508436
-2.915164668564097  -4.769685829400149  6.108957962726556
-3.672014683499284  -5.795540560399067  6.925472095951604
-0.701778404017516  5.021792072961494  -9.774593892086527
-0.6678805409213557  4.847582554156884  -10.71519679365306
-0.7938538573150536  4.157516737506497  -9.373617464569643
6.532701128383297  4.722574221052629  2.821078100483804
6.461720166803418  5.305460379491783  2.065143401324385
5.708669031387787  4.235573216780249  2.826819612381813
-1.536757974378396  -7.06544012942947  -5.416169585447365
-1.725615198405874  -7.225509239692659  -6.340800684249578
-2.022473264597515  -7.746323977691099  -4.950648713709276
-8.232620385780871  10.84559455760686  7.103199304610041
-8.429624638262615  10.38148133299321  7.916845468026813
-9.071725049938303  10.89368929318367  6.645135882146471
-3.129861212602376  -3.820385961882709  -3.815663147992172
-3.162130130192659  -3.029483982295283  -3.277458153921842
-2.322739309409411  -3.732842860820783  -4.322735409945659
5.433934414893351  1.822872876442022  -1.120409767524025
6.208715038863638  1.354433197986761  -0.8097474228973454
5.632952512101928  2.038130464844319  -2.031611066699298
-12.05040412712201  -0.7370073059067126  -5.925051137116903
-11.9861761856808  -1.577659828927189  -5.47182939549639
-11.98200840365028  -0.9591351346459578  -6.85360543962719
0.9705034929197583  -10.98912202457716  -3.734336868781087
0.2082056918565176  -10.56437717358321  -3.340984972830056
1.341691921131591  -10.32541353915652  -4.315664691220601
-11.82770810229239  -3.653319386042951  -5.017596960186582
-11.92472033279235  -4.209956314846919  -5.790239048494687
-10.88305836634394  -3.611847049498618  -4.868772359820663
-6.56266369979555  -3.821262824949859  -9.608313209162633
-6.612737450657321  -4.719585207283996  -9.93502616708159
-7.475098387382205  -3.559447772171213  -9.485237382831222
-10.09948940925485  11.54654707635319  3.275488037940679
-9.930072141558929  10.62165848584482  3.096293382457087
-10.84228115774158  11.76769806898097  2.713718960080588
-10.22206776774358  -1.235710991482816  -10.31440193177779
-10.70884388333093  -1.894203787189068  -10.81005109327881
-9.715613551365117  -0.763698099597665  -10.97541614993554
0.5665929744344181  -10.74080986291379  1.920463195627075
1.187492348042318  -10.60028903437014  1.20564174617363
0.7892534878965617  -10.07092047480303  2.566916862521591
-11.36448252100541  -7.513768839133585  -5.86409655807184
-11.36269995744529  -8.400029668124231  -6.225718467618212
-11.86656464805292  -6.998093936521173  -6.49514708894487
0.3688894066344571  4.503501614849211  4.333134044705337
1.164334438200596  5.035816435303329  4.321302997344915
-0.3457309142385541  5.140156645242127  4.347966754193141
-6.242659217885913  0.6737407168939922  -8.934419000182288
-5.49989246262749  0.0785106076965159  -9.035564956046253
-6.545946548654804  0.8330859802091291  -9.828207410296288
-11.57733357138398  3.877655049507891  5.124063518055227
-12.44774736273803  4.248515597477616  4.978894217649577
-11.68139561112448  3.314126208850067  5.890769574919196
-5.213971808785169  0.9126596055170719  -3.443022083638927
-5.871645529163862  1.60662966336317  -3.397167134763907
-4.853474630180576  0.8647793630368108  -2.557595007817231
3.104628578289907  -7.037574812685781  -2.561310967008637
3.140930046509171  -7.169617010912898  -1.613957336471193
2.170782043480916  -6.962305608949404  -2.75751758359975
2.563918053668031  -12.06591947146044  5.003938811355907
2.669184182270572  -12.64977329219433  5.755114954602927
1.967401764776849  -11.38365280062995  5.312017286685433
-5.111925404539644  9.426310958059421  -3.511731127274027
-5.761599372936761  9.162196502660217  -2.860271896595449
-4.740062315682025  10.2372081136355  -3.164750600120282
-3.17731500586624  11.46353910441291  -6.955587414625224
-4.091479189661249  11.30877821950828  -6.717711914478732
-2.80528471315559  11.91490869138688  -6.197899617930195
2.904178719210947  8.52937601815305  8.963928942936869
2.14967982589648  7.964383946325133  8.797353978554938
3.649492104898781  8.045598959996571  8.607980133252106
3.122181982357032  -7.477678506483111  0.5685697297498381
2.467976613736144  -6.815065507815192  0.7903605989575615
3.335241485117568  -7.893618163691889  1.403932938087671
-7.038048301260748  10.14518869497045  -8.501047969931536
-6.388426734196138  10.11411650428206  -9.203371384442503
-7.083703546443489  9.245879065677613  -8.176410280732506
-5.6210266054928  4.593279065708547  0.8527070244676822
-4.668131628930705  4.662159812788667  0.7937286697567393
-5.782859044943582  3.672324643763499  1.057365408711455
-11.83206756024796  -3.533028425500882  5.846732499770627
-11.55594719179601  -2.675989346069519  6.171499182873126
-11.44553122952276  -3.594585771390649  4.973215357296305
-3.212955473823232  5.55137026378873  11.38565755314103
-3.907564055038875  4.998951481439296  11.74424401106877
-2.403212362082475  5.087970355978162  11.59968665964189
-8.973258636658658  1.193203429432595  8.581796814414776
-9.538473731919396  1.058020457563462  9.342381655314211
-8.084107170975468  1.101963156923244  8.924312104213428
-11.60066814392591  -8.850985618760237  9.11422420592911
-11.98623254531051  -8.119867142324052  8.631484414945847
-12.35055257423395  -9.314071650061173  9.487662967703432
-11.90734241425112  4.171305909419093  -11.44869226311935
-11.47102026938805  4.615961347311258  -10.72196234942719
-11.32896898204551  4.312229957637683  -12.19826309069497
4.240711954459431  3.902250890436224  -7.665299258679434
3.817478233399632  3.976360526400741  -6.809955573828085
4.863430266372863  3.182483608549794  -7.563373776421539
9.037783471469726  -0.4491090591330614  -11.92952192010446
8.316297488980474  0.1336487027407168  -11.69270298495065
9.796646199840323  0.1287687974386035  -12.00962424450314
-7.416159993707127  -10.17939744232764  -6.090842875628781
-7.791844269253532  -9.310985642126946  -5.946087528993979
-7.634292989990925  -10.38682751521452  -6.999480647677907
-4.293256392053348  11.74553219913224  -2.759728712794166
-4.067047022938612  12.30624622057329  -3.501794038411871
-3.713989911750436  12.03502932882315  -2.054836099201005
-8.9804141944261  -9.053538256302041  -3.420179299032186
-9.143517853317027  -9.873681427785629  -3.886005677337703
-9.850279723698206  -8.678384702155665  -3.282972842203418
6.993981665351739  11.93047442720705  2.282939422746787
6.043929008856487  12.04341766840018  2.253348644536223
7.297588904501496  12.22552344895515  1.424452055861665
7.78332727505054  1.970514884496201  -9.187990189854125
7.929613301829519  2.914315274862158  -9.124169648378146
7.328377739550056  1.854037174645274  -10.02206794597509
-1.659510822330006  3.424554688436732  -7.57807575682616
-1.577522702396969  4.110279383765866  -6.91528511838472
-2.071026067444465  2.693403998995612  -7.117309316676531
7.611382900753194  -11.54582042454992  5.462852634715481
7.687256121566726  -12.43632598694402  5.120106463754296
6.678404665830498  -11.34213048707143  5.397325063949122
-2.600957176147061  -8.946577451735539  -3.662472465816828
-3.395556313832337  -8.578834793969982  -3.275678737779081
-2.028134965647817  -9.119382369725026  -2.915314506963811
-0.4117711810767345  6.362842207225319  9.698430781690945
0.1960297838915844  6.514557719551915  8.974695864540294
0.02252521573884149  6.745518041869453  10.46078088846107
-6.592987232149657  6.472570884975067  -5.004025747167963
-6.303559419124385  6.811883625450273  -4.157072238881578
-5.935069751056029  5.817782949050322  -5.237754622232275
-2.071547543898033  -10.42399968505903  5.121629869593628
-2.940515673004822  -10.77260714738251  4.922634724404021
-2.187914792116912  -9.473901306103956  5.119739406977064
8.031012281060915  7.667260477204079  6.491016140539885
7.639155599383229  6.794354527873931  6.464269465071955
7.416385295250063  8.221085580740077  6.009618941746199
9.279796462537726  -2.38968512233507  -1.961299347082577
9.904907895528806  -1.686867661922469  -1.783774268057047
8.727383211342135  -2.047649881033366  -2.664209962745196
6.277619125834935  -5.242274167697911  9.438105211416865
5.904875049789098  -6.065959939656108  9.752486258629261
6.594285119316545  -5.442849822777912  8.557353319473659
-10.55427388334962  -5.419188944881046  10.94154686952584
-10.79205124287149  -4.565859146659464  11.30420652094287
-9.640987911140632  -5.543627955456079  11.19972414508159
8.024565442119091  -3.471242947791708  0.2202125960456542
8.495858133073032  -3.013806372315794  -0.4761111927697661
7.285988576134552  -2.898388078902181  0.426545705899648
7.532766526285228  9.065072457838799  -2.151984189694203
8.009310311968152  8.562765726793826  -1.491056199460848
8.213263440061183  9.398611136922717  -2.736712964337931
10.76067972009104  10.17968827834743  2.988573229047873
10.29737485613612  9.845408618163511  2.220564406297092
11.19161781999377  10.97701057995858  2.680674964347157
4.839063278583016  -6.2614255938379  -7.911819483843095
4.826597799962025  -7.181930251559574  -8.174017170628188
4.172963859530133  -6.197815992317486  -7.227350914417277
-10.61693976880572  -4.169177863324938  3.164118190898769
-10.38720669359934  -3.411812243463688  2.62573926113981
-9.986878119063654  -4.151519573133337  3.884494719050414
1.564066912008425  -2.58549708920337  9.725909656856219
0.8924322853495259  -1.946601396629592  9.48726543990673
1.876165550183265  -2.296640399825307  10.58345737742398
-4.825060296295512  4.419109598988417  -5.141392550608843
-4.168725031716849  4.2314998697688  -4.470379547774621
-4.771466764207909  3.67704010023023  -5.743632064698668
5.17710063446238  -8.817190480146994  -8.793619873525039
5.147982702622466  -8.731105613573815  -9.746496246299831
6.091490238439612  -9.022786645658357  -8.599059577304606
7.501746208047035  -7.98519769420594  10.62572111887604
7.490203709396755  -8.697326224045032  9.986212270059914
8.430373715361423  -7.788819979793466  10.74948939405671
0.5731140333811  2.898398751502486  -2.299004944737415
0.4694454120892684  3.101807786334069  -3.228579805363677
1.372713278358409  2.373987528226538  -2.25581054308696
8.01442776936914  -9.559852385675612  3.196279586468451
8.463718325957537  -9.661923285024963  2.357261489365353
7.437484195375506  -10.32147056700948  3.253774788782535
8.02733549263035  11.89307343275407  -10.42948449335028
8.514579051592975  12.59951614264362  -10.85347063922458
8.219680904681946  11.9946884535163  -9.497331356779794
3.505024285978235  11.57152284413017  -10.20541123154478
4.144104209034496  11.50109915606263  -10.91452983664929
3.237337151096709  10.66882012305157  -10.03306496620603
6.720633755965663  1.358447140444904  -11.70112939575365
6.731485197318739  1.849533639151211  -12.52268166859388
5.792051743841546  1.209659270105917  -11.52272127822669
2.783832117270741  -2.485064819343253  3.499294028710081
2.65914486209144  -2.30352798534703  4.430813919157129
3.46871819946446  -1.874995010312425  3.225473425894246
-1.64531801002003  10.2024388899199  -3.971901841731493
-2.297264242749388  10.0278755617951  -3.293134139123307
-1.818642669816904  11.10329238973193  -4.245129538319356
-7.083599098147874  -8.563655193886815  1.261724784670958
-7.600816120680302  -9.130246912815489  0.6892807126044028
-7.50135922930702  -8.64326112355873  2.119262660671175
1.811234448113351  -3.983753846196647  -5.42912933390708
2.725984128613529  -3.976013104718853  -5.710918160772511
1.822472091118969  -3.569935852941513  -4.566076482780353
-0.6974514332268535  8.516792097293813  -6.208059258519535
-0.99284739039157  8.088503230585967  -7.011515365064785
-1.452753390456345  8.473942855368902  -5.621616818145579
5.019139122753665  7.056052031133044  7.776779296363077
5.748118608736824  6.589683926128553  8.185828852835455
5.412610329360816  7.510055271512104  7.031599246109161
-9.014772337617174  1.232731168404781  5.839112360036416
-9.680419696656724  1.875070341015814  5.593051756255464
-8.827878652096466  1.421087002371644  6.758799627602481
10.41095458929543  3.643787895965549  -5.736792698656992
10.13425719423252  2.72748830073066  -5.728702992990265
11.16673500748335  3.671442428988039  -5.150053381509244
3.447914738399569  -2.542314966256841  -8.593441772284219
3.904300422455202  -3.159215501250203  -9.165611045588875
3.959282909353851  -1.735430419450778  -8.654036836938408
1.241962470568078  -11.4039819596596  -10.92377290754355
2.088780690625481  -11.64154633763757  -10.54602443501884
0.6465033490223526  -12.09380360326484  -10.63084565619647
3.488245399638823  7.082170197667287  -5.113102935584282
4.237756424376345  7.218489526015899  -4.533549569175723
2.731538920860626  7.357590740952445  -4.595637314202908
-10.42918672250793  -1.441724414575684  -0.9987634326962117
-10.2416262289046  -2.304354976261584  -1.368792371138523
-9.796356389457303  -0.8582351784122911  -1.417449378068745
4.946079653784697  -1.203842240021872  5.623960266625209
4.96003325467916  -0.305086193831586  5.953011488258686
4.104449677463608  -1.553503156203554  5.916583004382801
10.41709445354574  10.07054315484873  -7.746755608974929
10.80704929287445  9.817494702850155  -8.58349543964229
11.12119311909066  9.954077546468149  -7.108858539501793
-0.3059464368531989  9.554551884839661  -0.9254497192185981
-0.5702086829741809  10.3580352235992  -0.4773293898304805
0.1829426790795412  9.856419916725013  -1.6910181117533
-10.44987214368149  6.036369824460329  3.861919819506243
-9.880256481951326  6.56106463713594  4.42447220947807
-10.78737772170363  5.349088875455786  4.436347118595827
1.312510367748809  -2.129094638760904  -0.6454593105357311
2.045839579172933  -2.71604459626427  -0.4612044461253988
1.183405298606023  -2.196020750548045  -1.591548427206403
11.4824188191669  2.345939674652044  9.672619579603033
10.9023141342098  3.068607631737624  9.432908465358059
11.56434909467602  1.828174945404017  8.871720737612536
10.98333139774823  1.485665428771297  -12.0048549235112
11.22180368710923  1.710687150111645  -12.9041479970595
11.34543865231042  2.196283935043883  -11.47558040614206
2.675230738745774  -6.706023732768394  -6.344099650684685
2.335824363404198  -6.022566351577574  -5.766240532496453
2.703587502546835  -7.490800827056425  -5.796785621787595
-5.080549893690145  -8.152760337054454  -1.96105231525764
-4.574391024453742  -8.115946186520127  -1.149461434694187
-5.762421899990795  -7.490415790834444  -1.848882314294218
2.503719049623485  -2.418498187007514  6.259744891934117
1.951942672077531  -3.195999710835511  6.174503765548975
1.885335804037445  -1.689412988702634  6.307376553580654
5.137695461972373  10.61862958719604  -2.411128061764526
6.005986579714719  10.23010085927598  -2.304601997204876
5.20055595449737  11.12900108331061  -3.21847020387857
-1.735947666831963  -8.659046894904789  11.8839841883063
-2.195993487125551  -9.327143283469885  11.3758140407999
-1.821319616518535  -8.947584018638077  12.79265893673637
7.294247092389042  5.604879370001513  8.763830454590323
7.127401326271349  5.277764896020231  9.647793378722637
8.082868775025869  5.141690684924158  8.481405378346423
2.378933779405572  -8.381882914719602  -10.42049242286827
3.204671634842529  -8.61468263899752  -10.84498402758443
1.729107682019587  -8.420448056277831  -11.12225492757531
5.69650442024006  11.08260339973283  -11.80276600018492
6.462344171649852  11.32844740776724  -11.28384207620939
5.489535924472104  11.86660872896698  -12.31142258914451
-5.11699764491519  -6.61384798648048  1.416110120765032
-5.082131358828724  -6.199696637047441  2.27837159030738
-5.796620771131703  -7.282843783935216  1.498504715852306
-3.473816849087004  -5.90327229330298  -9.184510786508614
-2.676665629581075  -6.202907569857892  -8.747474776225628
-3.386605873075846  -4.950574685320897  -9.216028296061241
9.332035874080111  9.825522833857695  0.5021805254768791
8.385778477145667  9.8923222498473  0.6301126042151718
9.56927416954367  10.63015462670059  0.04118431170503645
-6.566128362184833  0.5070700399209003  -6.245994527655433
-6.85609828231862  0.2499399026857143  -7.121227855370402
-7.241144208095026  1.111559471484391  -5.937485249191728
-5.405917438800727  -5.105806645605961  -5.088657275468639
-4.618260500179905  -4.740901801615624  -4.685330061069632
-5.73807426619299  -4.402167937848856  -5.646148307649981
11.79223455353917  -1.333523871866547  -8.63157358043655
12.52169670941224  -1.240514507246503  -9.244326435380522
11.30515633486016  -0.5134572161733439  -8.712055436209459
-9.301910888330971  -3.813402893999786  -3.98865381403544
-9.036997427644291  -4.729057785543509  -4.075996918737879
-9.251871122148779  -3.637676878992222  -3.049053777078229
10.31321056199322  1.519777302270757  4.241394816685145
10.67573397024919  0.8050104256894376  3.718024077525355
9.595339072072985  1.865478186220522  3.710939104305641
2.331222944899908  -9.455808477034525  -5.781830137069234
2.870949528818183  -9.894243235590439  -6.439631031794931
1.433862462446082  -9.705237324204088  -6.00264964420096
10.71188561905749  -2.354359524413799  2.18709280283292
10.42644540371519  -1.658420540683422  1.59512603485547
11.24476913233115  -2.931305138562777  1.639917547914186
8.215825148500757  4.560575283724176  -9.173982581207508
7.558235924562437  5.223646896015318  -8.963877156399336
8.816240501578218  5.000324989591282  -9.775940586369547
10.20562766925318  8.076054458551932  -5.070192478959776
10.18051466436113  7.234501580622479  -4.614791632853899
11.06783441701312  8.435926667251133  -4.862049841513271
5.656013984575777  1.77060857905853  -7.6525008355013
5.254136407126257  0.9550172350323132  -7.951728194365449
6.434504973814175  1.869737594514148  -8.200549243919225
1.876114275603493  -9.897128228827063  -0.4352334168923898
2.689877046934255  -10.34243805403324  -0.6712866981043289
2.147295128527647  -9.009190156432862  -0.2022983087609646
1.070718148343423  -2.167675943425247  -7.405855695083017
1.107093980148492  -2.68208482880264  -6.599448764615974
1.952933507288826  -2.232101181237473  -7.771611473128522
-6.822175705294423  1.749344371830152  -11.41204175268272
-6.882502533251114  1.468980705495566  -12.32527158598215
-6.10012223039342  2.377636151701927  -11.40108462126326
0.3809884578928977  -6.868942636480845  -3.099051698495605
-0.3268363217917628  -6.371867282866083  -2.689012658777286
0.05202132099152463  -7.078436856456793  -3.973193926417116
-1.777853157607381  -0.8222436303559569  0.5675319172112722
-1.254019691875627  -1.166161110356056  1.291100232665895
-1.502760111302297  -1.334717195105217  -0.1926828559336433
-6.695280624343177  -2.546884136520837  2.991232925419621
-6.537601288198508  -2.157622436970567  2.13109084633256
-5.906117757250221  -2.345479307087428  3.494114525682074
-10.30283680695656  -5.535638722605007  8.154482230414466
-10.29534015743025  -5.659534499168986  9.103600493222366
-11.21426490891136  -5.680951860475744  7.900681625747699
7.201985351774444  -0.4386142752965859  9.475413954769207
8.027318867832346  -0.4981910610534569  8.994262176355802
6.717885181315314  -1.223773175663062  9.219671181387934
4.50099408017737  -0.6212722934110708  2.507259518702493
4.330170969717736  0.2402940487046203  2.887725999573389
5.452147051768592  -0.7190039845628322  2.551850786657168
-6.15789811992829  6.212692048171978  3.307120742640844
-6.100269168098999  5.581333971646413  2.589975204331501
-6.269663512682653  5.675464819423954  4.091421221841375
-8.82983263841572  -1.726908313359028  10.86884201355535
-8.041978810147835  -1.616540034597623  10.33654789530221
-9.477172884255815  -2.093175592822416  10.26632170177311
7.314648803684808  -1.958523906449195  -4.06649170477749
7.221196423104359  -1.069881662962783  -4.409731352334825
6.495098459566081  -2.123080556332291  -3.60013327777726
5.841773390234233  7.086893983624219  -11.97367864624624
6.378125986754794  6.318990066814531  -12.17086208052506
5.863769636478032  7.6075727368148  -12.77657443096994
-6.716990154202664  7.401188146549703  6.646856900438324
-6.063636302706158  6.721953515068806  6.814191595381397
-6.702293165815106  7.947178228092374  7.432929841957979
-3.461180757493647  0.9971806229630267  7.298119789018713
-3.923114538414954  1.594615179966228  6.709969321755332
-3.622863066250515  1.349325882493954  8.173382256639108
-10.77381480600446  7.092005100760802  10.19993044172815
-10.17209467470223  7.183464258549982  10.9387131879006
-11.62626224509135  7.348849552942859  10.55149285578504
-9.051214486089982  10.65187203217279  11.2702427238838
-9.966820782377003  10.73431821193902  11.53688776441806
-9.066027622177961  10.01676246127151  10.55424814014112
-1.9453685956049  2.635046455025809  3.024975539967106
-1.329720927542369  3.216939811666851  2.579318821958515
-1.39334329568092  1.965015680751388  3.42816119170717
0.2206077272306544  10.09502934296821  6.869179825771882
-0.233372082907074  9.365645076981584  6.447122051861174
1.128874381052458  10.01290028129309  6.578425044583835
-1.323619158351218  11.39461595874316  0.9158507617054703
-1.920568828189526  11.85420655040984  0.3253768675057315
-0.7144601799843646  12.06982735683187  1.214592702125841
-6.398343502198606  -1.296468080445724  0.3111086732768977
-6.349729695052512  -0.7747679173476368  -0.4899515476666911
-6.828779842618604  -2.10831138213891  0.0430287405296918
-2.655224850937689  4.787932770675905  5.372879789543187
-3.176772029000737  4.02022804800689  5.138679362886524
-2.590704182520471  5.290976030689297  4.56108153757285
0.03367334532798229  -2.369309790893707  2.693101188257056
-0.4987461448491167  -2.953890224428893  3.23257041185315
0.936738833701816  -2.579153813991717  2.931155908181218
6.424250408692015  0.468505855339004  -5.058492351896954
5.524441375259668  0.5552510827127252  -4.743768967189958
6.39017117962584  0.7657175358468965  -5.96774240722603
11.18431603637978  -4.370810594090594  -2.693921517456872
10.41001981218938  -3.811966055650017  -2.627664600386886
11.62868432101298  -4.0721089749007  -3.487360872609794
3.282759336902178  5.715091010828424  -2.651238411867781
2.909892826984328  6.589093150879721  -2.766662261082031
4.191202824949037  5.87369680943072  -2.394710694700638
-1.835232655985333  -7.780398204754223  5.097109782645676
-1.557529660835561  -7.44536801313493  4.244544443690129
-2.307570998976261  -7.051378734740855  5.499178112761357
8.613804223617887  1.406251348558694  6.586740301403313
9.020052794902377  1.511742051298929  5.726469617278437
8.875067281699282  0.5299441564765358  6.869687574913839
4.01249087815129  -8.719161176879544  3.034437549740036
4.740859345007087  -8.248590813667482  2.629129333987378
4.43071107764646  -9.349418557723046  3.621037361047974
-10.25256685972317  5.482337118909179  -2.186216352302617
-9.634251734605336  5.301219188666631  -1.47832191003373
-9.87847745916574  6.234524566221575  -2.645022416447641
6.445170696310933  9.326033444462627  1.00972575837236
5.641511800883072  8.863170258881514  0.7728251648032917
6.18799651800986  10.24705431017742  1.052315040276771
-2.583631025846125  1.838864895460179  -4.262273030537457
-2.551289061823695  2.647623416622958  -3.75129799023728
-3.334556772429535  1.361749095302061  -3.909140086226639
9.355780094823499  7.384259733059939  -7.907690143940053
9.820747819018589  8.162548466325974  -7.600601389460194
8.850004111218079  7.688586824412097  -8.661220180419757
3.863019721311773  11.07942969721155  2.408585489506739
3.505271517976915  11.5274972560914  3.175060228614388
3.107825122193905  10.64851639206696  2.008302238654831
-7.35293022416603  3.345810167218293  -2.749182173818734
-7.522641633432869  2.99566306200425  -1.874638360007848
-6.591817982417202  3.915172426123727  -2.636192733629958
9.11977826420128  3.327485492882925  8.581873367289841
8.96319087832679  2.904084812056818  7.737809332953001
8.445373473734286  2.969105145544662  9.158911966723947
9.755595836977543  11.87476124434552  -0.8708820257493102
8.854025995368213  12.1962604577017  -0.8644077295030593
9.857333249919455  11.46282450870013  -1.728896865151118
3.860332873965509  -11.07116411457192  -7.892209511487382
3.782201294898025  -11.7370081813617  -8.575421758942937
4.28589410809741  -10.33138007574651  -8.32562507639398
-0.711581488743438  -9.569156169032077  -9.590296784222478
-1.121245822241085  -10.43424204918763  -9.596075522443147
0.1045030058819451  -9.686826936670618  -10.07649790317984
-6.486065561162021  0.8513471929443107  10.20463877116102
-6.271207572225335  -0.07174998636580811  10.07062577873198
-5.745662016623044  1.327170273514913  9.828305372124442
7.333690354836846  -6.598168463552249  -3.975490756817869
7.972635417779908  -6.607160338510358  -3.262819589500553
6.543942318035674  -6.223887182834616  -3.585050746991694
3.975995674383686  6.750761560299503  -10.29149224306342
3.642356175334188  7.636246245789456  -10.1471544571695
4.668801447348791  6.85859701789629  -10.94312366881812
-9.528507386233807  -7.64099697537736  -9.38019015954136
-8.966106894910842  -8.324794443636828  -9.744001305277211
-9.168958520462519  -7.472753095322553  -8.509184734789777
-0.1913554411746787  -0.5831545560446391  9.056057679531882
0.1229744861646509  -0.324693324105557  8.189670740362446
0.2556251851750364  0.009662581810149336  9.660216599629626
9.929504201782358  4.621756085138734  5.181832439509567
9.07686223586094  4.620694299100216  5.616840934323251
9.804017307125832  5.172606903523876  4.409143462524725
10.68321408329803  1.115521902839543  -9.112292822621201
9.959130515020187  1.487468126521921  -8.608714792085276
10.3522129268177  1.067830400770607  -10.00917385990491
-1.056366554498231  3.983136881293676  11.87715531217338
-0.4072765309814267  3.685393468696855  11.23976779925353
-1.593651665048491  3.210352528261413  12.05139908878965
-7.675153762617317  0.2612949232780848  3.300655668987652
-7.293724390401946  -0.611972021752893  3.21038764182603
-7.804424448712635  0.3704992862630822  4.242778451230756
3.336181629497158  8.787168781733408  4.526527159006016
2.766876998339856  8.091223365290702  4.198222339858876
3.588208231455137  9.279591518181762  3.745352223070261
-0.8618807399804508  -10.31654129411686  9.049335034021816
-0.7415537438090565  -11.15205393177528  8.59803481653301
-0.4511139247003081  -9.671490297576627  8.473651374945881
9.281499886091058  3.218787977831036  0.1144947328700381
8.787688950419184  3.342841352774315  -0.6960565363141215
9.659182064949045  4.078668425114309  0.299409924655361
-4.957924629598113  -10.71861730040485  -5.091656378057404
-5.309967171756592  -11.59330184360861  -5.256655888332527
-5.721620098158294  -10.14247470316583  -5.124225979641011
-4.994707609604502  -5.635092394661046  3.818614986537358
-5.914234692865509  -5.63449388752274  4.08451238204681
-4.511447794878131  -5.809307679989101  4.626291175259482
11.72290778060615  -3.922566709158751  0.2025691119909074
11.70436747678346  -4.079285753542764  -0.7415321740274544
11.40479896907344  -4.739102663286286  0.5876764472135478
5.050772316602492  -10.63099507964258  5.054178286303553
4.253253074990717  -11.1370052975469  5.209576351398979
4.990164777385911  -9.894616097843945  5.662704835728735
4.810911057278975  -6.18653194337827  7.082443939524611
4.148112244890704  -5.831935278638809  7.675057455783182
4.337439889787768  -6.359399390741215  6.268703354819182
-6.471453697173233  -2.125780397516058  -11.65773299861278
-7.29554679560711  -2.182313389061957  -12.1413717336005
-6.526944815317914  -2.825067627651671  -11.00646504640239
9.818099503178892  -10.15859499108668  0.8889736309631894
9.836007158677825  -9.329779791234571  0.4104587196295526
10.00488267725632  -10.82282417312777  0.2255405298847256
-11.51827609062629  -7.945102016322385  -3.117695115302734
-11.51374378588334  -7.124146943342531  -2.625512155050796
-11.40289121018358  -7.678717485789055  -4.029812131511597
-0.4564889842873556  9.506674169811827  -9.323360864055806
-0.1445517387751158  9.941682279359695  -8.529827664063626
-1.082732084667509  8.854503571007688  -9.009155629723681
4.503240980183013  3.281627111252662  8.670590945560653
4.252841834566928  2.560403858101441  9.247972212133016
4.503423680523209  4.053380691175119  9.236831370201509
4.802542933038337  -11.60227021097893  -4.454299799381333
4.69938373195148  -10.71516748293315  -4.109860009106066
5.419445243908465  -11.50769068140756  -5.180053264015955
11.22711079886288  5.423765240215976  -7.490084595036812
10.8895326787385  4.718000369362612  -6.938569590814242
10.45621136052  5.947606426839497  -7.708112820639601
5.585051900893928  11.06979804731785  8.24920701179477
5.046249368148381  11.13383808038234  7.460649756503765
5.004141063401548  11.34214777846952  8.959559081423283
2.114626721801439  4.0511295891139  7.03647127380661
2.818337592093853  3.72973833641784  7.600147168024866
1.50311115044806  3.317385828218756  6.974016175217309
-8.590514205380339  -10.81543905217118  10.33818636971525
-8.322400464668009  -10.90434466688364  9.423613981265957
-8.704551300496412  -11.71547206249143  10.64342064248186
-9.772948544867845  7.146361951617731  -11.38938625005104
-10.27884402400633  6.562972453084374  -10.82373768672904
-9.755367150526471  7.98024124119932  -10.91973950516727
-0.9492122967513694  0.10454410746004  -3.007666414425113
-1.786212962782124  -0.3258659201763479  -2.833284840931475
-1.180127636252172  0.8802478887255271  -3.518737436606625
-6.990155465893173  6.422844645715759  -11.06404079769761
-7.905792534933382  6.625334087536546  -11.25597470233815
-6.587299946478103  7.273786991394006  -10.89130865011525
3.974921989895099  1.741002125041271  3.883787786398075
4.509688972687972  1.533190105765374  4.649992901728873
3.14228609464324  2.042762799757091  4.246954141025246
-4.35429845424799  -1.04077988938167  -10.0492713494833
-3.819702454285104  -1.794860431160204  -9.80067228807181
-5.001284009235779  -1.395789250901136  -10.65886948339669
-7.897376826185567  5.333887838515092  -8.864482283730043
-7.516570217422685  5.686327558435403  -9.668848127451049
-7.388198872541609  4.543683914047199  -8.684073278194035
8.091935983106726  -8.375679871496731  7.297267639447441
8.776002214572543  -8.723236067519801  6.725000287963777
7.961521539247063  -9.057156776989023  7.956671264030612
-9.489755032164325  9.316978683796165  -9.806064683135183
-9.856171925520274  9.278825171583632  -8.922597190937974
-8.612660022415394  9.681202496166588  -9.686577452119149
-11.39106317073701  -11.7918770410681  -7.581795238489166
-11.900512552735  -11.88009531377237  -8.387345177067115
-12.02051161368851  -11.47702632841663  -6.933030622924487
4.467346974602665  3.150000897001678  1.564126922298852
4.433136977960719  2.518724015654505  2.282841758103947
4.934466217980081  2.69259101377299  0.8649791187614104
9.682830280644948  6.724234450622615  3.055484838956281
10.33622207760015  7.029812203137744  3.684717098809073
8.902313099730737  7.24355526453799  3.248696284093482
-2.968267262043225  8.420169916734157  -1.041185809669128
-2.110995923202964  8.723722843675286  -0.7425668013181896
-3.518045205110705  8.445631380816838  -0.2580333550581137
9.444450683448489  -3.471564850790152  6.326520063940068
10.32443557648769  -3.697124258050766  6.024888862273148
9.00174602171737  -4.314298929662668  6.426738299747869
-11.70393647400667  -9.023620949718294  -8.147963176086565
-10.92559554090446  -8.616290091701677  -8.528093159072677
-11.46216702314071  -9.942676399974831  -8.033436096399136
-8.421397302020122  5.374823042752011  -0.298127429851183
-7.525332660649712  5.059632594503709  -0.1799962323682444
-8.563320515339726  5.974635137062116  0.4342079393891417
-4.96654728468384  8.74001516186102  9.613819065477758
-4.059557275342089  8.481930150085267  9.449523327094314
-5.423498824108523  7.916218145968873  9.783482282542053
-4.789322752967611  -9.595936176940766  -7.813820809105236
-5.069864617905046  -8.796554322045717  -7.368268621273128
-4.393862657285364  -10.12895493053963  -7.124085960750524
10.94480382427655  -0.4400635774808605  -0.9270508482272777
11.84728127099431  -0.7482546103862636  -1.009419442985743
10.97879623688332  0.4773066029376323  -1.198175004222484
1.662853804311927  9.711072092900643  1.361367526023283
0.968693114905527  9.899763278000261  0.7298863988717788
2.153065507863531  8.987947310916955  0.9701963673445296
7.037543202502252  -8.965831691504988  -5.353493878696794
7.302293857330112  -8.843642005684261  -6.265200307020765
7.189736355222243  -8.114503573096435  -4.943238447200629
6.819425052913368  -11.22537952155507  -0.3847270273412396
5.88569813956457  -11.43448824140054  -0.4104064855270801
6.860996024942057  -10.28875832953132  -0.5777152055713906
-11.27550474816192  -0.6784523851065373  3.656883415743311
-10.58254300506149  -1.014553644041731  3.088489356712613
-12.07904476453846  -1.067139294192498  3.311227851942018
-8.51434050563619  -11.53232380984617  -8.332010954123108
-8.078266426161035  -12.38256230030233  -8.388275921524961
-9.433802406633307  -11.74436520103571  -8.171200192551717
-11.91012969364222  10.23090151787624  -5.460891956330008
-11.33353228885777  10.25773338040626  -4.697316600553645
-12.10900639218354  11.14916921935277  -5.643824531893542
-1.706489857510614  -5.268067055843652  -2.031193839807885
-1.551399855935064  -4.675774816412065  -1.295416132534546
-2.358567802869364  -4.817981181984197  -2.568268228816412
9.958675178201057  -10.44517800409385  -11.18048839339928
10.55196642894251  -11.05195618791633  -10.7377045099632
9.972486666702945  -9.656936633089268  -10.63761030043348
8.32740619180897  -11.61493070655408  -4.644786549934929
8.138449666858222  -12.44668485842254  -5.079196842778124
7.914737908709675  -10.95438492857192  -5.201218040159771
-3.881528279409864  8.914057707228364  1.832719820088722
-3.266527830437469  9.614132489281712  2.051584132612966
-4.439882297901839  8.834637719757161  2.606131156716223
5.295696642106839  -8.30532815006695  -11.4660700870455
5.961596140610217  -8.761716157227019  -11.98038485915827
4.96846448363698  -7.621226452148585  -12.0501555442933
6.532211465679966  -7.927368172133751  4.912970068169686
7.12411773293968  -7.909936152497552  5.665017231232
6.967705806784388  -8.495969971969576  4.277935807606144
-8.064516255310012  7.290556761450812  1.683955895909791
-7.537646966778568  6.907642408109684  2.385395266638092
-7.424509547480418  7.681474869653792  1.089139717067851
-5.688633448974789  10.97945096210875  -5.879898764569909
-6.526661420514872  10.91223594117854  -6.337526451535816
-5.747776837117214  10.3346739609032  -5.174918964607232
-1.891816086838292  -0.5504696575805373  11.4308941919798
-1.251322376072102  -0.6518185703767947  10.72681461952796
-2.71263641155891  -0.870350475604008  11.05651190502411
-9.581470858100376  -3.946652128281408  -1.348163976123523
-8.745319578104192  -3.914322564849368  -0.8833654431126738
-10.03374198621686  -4.703791382578607  -0.9761118073695578
-10.59615504692959  6.320405662370695  -5.92062903744629
-11.40776758347665  6.335152604084258  -6.427875977535382
-10.56194027198679  5.439327246347436  -5.548121300622531
-4.866591400539407  2.651580293176936  5.63300999746443
-4.683693933447377  2.262198096953612  4.777929965072362
-5.658053055301647  3.172036203090786  5.495365764469494
-8.731917844376323  0.09958733460818596  -2.209959126081256
-9.000600453473352  0.5286217309658091  -3.022345107195445
-8.087413532355479  -0.5525812974846258  -2.484771984406205
5.800862890218273  6.002102216429819  -8.215432658925804
5.531593880031228  5.130849623498734  -7.92449459083613
5.058228205603005  6.324820933752044  -8.725901261972339
-4.392578673579473  -2.28985822669995  4.27821952403772
-4.783339332883095  -2.868240742451307  4.933209304579164
-3.764610431905329  -2.843072668951979  3.81363206366835
8.446259508805262  9.58864553600764  -12.020117229208
8.462201331372277  10.5083120957242  -11.7551811666715
7.843569784828198  9.563413779715738  -12.76332668493826
7.359397376181154  5.011229105021894  5.839778265728293
6.49586601102556  4.868694172406157  6.227372401876846
7.17932689385763  5.223221268924839  4.923882101395501
11.68301733305362  9.786864142485893  8.152767373856014
12.24189819330135  10.08143076207188  7.433660614970772
11.43213404425638  8.895076108471441  7.911928178975028
-7.280061573072161  -6.545412393873754  -1.767902489457802
-8.057141425231086  -6.455251493302147  -1.216314096381242
-7.060109754562022  -5.648877856008186  -2.021040514946379
-1.35710919101747  -5.004061423962533  11.14019159833724
-2.195420952131255  -4.616155828769009  11.39117861074199
-0.7136009175130882  -4.565881474693863  11.69708231830869
10.14525521654055  -7.134489645493137  10.15180081805971
9.726778227387536  -6.317500679291695  10.42316381969134
10.66758761153634  -7.399570896121942  10.90885606023364
-10.28473089600376  0.5716874774350839  10.9079839786988
-10.10346146718218  1.084687794696908  11.69551423758665
-9.94594712396704  -0.3011755940652673  11.10689967495111
0.584716423089255  0.6196512094129539  2.730707749857312
1.279639113171998  0.4475811518425908  2.095328972988037
0.3286688685132718  -0.2467921972991005  3.046852199058732
-10.70356194033352  2.178834416724603  -8.211635226296034
-10.11498716072137  1.957303642679501  -8.933255406831121
-11.54841800102796  1.809843301782306  -8.469114611493186
-5.128888653456906  8.884284333203608  4.19722245575196
-4.454201318841492  8.918340017719014  4.875358910207651
-5.413073712285706  7.970299344817204  4.187116351518526
-9.040523339403022  -8.135780827888238  10.18902781108615
-8.678795639830836  -9.02197859283822  10.18282839499494
-9.920803066451601  -8.233338011149977  9.825954763144946
-9.192464080879713  7.633924904760045  5.583925180028405
-9.558749509110646  7.195312920918124  6.35183556066923
-8.261229021098533  7.729604988202444  5.78362101139901
-5.971824361025551  -4.60474671038577  10.27008384562012
-6.7734523989731  -5.069484642125002  10.51017337804314
-5.698461619928456  -5.007714578794613  9.445995531900095
-3.202104894309312  -1.425268199731762  -2.669109965899352
-3.696285390646707  -1.264220699436865  -3.472901717342779
-3.676506833402366  -0.9396068762608254  -1.994345029740685
-2.933270936382709  4.001572003382139  0.2657706442827129
-2.257318703441011  4.605977613753185  -0.04084683227910358
-2.566992411034815  3.131521060657482  0.1073937553976585
-9.829318943692321  -6.655795046051526  -0.3315622951979636
-9.293107930583366  -6.320679032701175  0.3870522377867487
-10.53745055174894  -7.133788070977052  0.1000673305156773
-2.553841577434186  -7.201082850600305  2.181846336864314
-3.398435951712414  -6.975690981172859  1.791858275337336
-2.58364309879464  -8.152160082022581  2.28574922034085
-1.996529924113041  -11.29809686576883  -4.823343231019385
-1.290118708790595  -11.09221462515011  -5.435574835777324
-2.272433015532566  -10.4480125207484  -4.480610200080822
-11.20707490890913  -11.48607724025601  -0.6506635813290537
-10.64286078775215  -10.71511219394183  -0.5914422773174591
-11.87014388985211  -11.24898062899519  -1.299012687474712
-5.762912183149029  -3.586651404418962  6.559916925766379
-6.300263108231879  -4.327386300636978  6.840626093478249
-5.145904535868473  -3.451569965295367  7.279143182240385
-2.970047815390793  -3.042626881741883  -9.051401107731381
-2.051462557172243  -3.263654787827557  -9.204957703535477
-2.987874099776929  -2.697575650522286  -8.158734478233658
2.9705324683217  -0.3911330584794644  -3.751115354682173
3.249245088768886  -0.1218669998287058  -4.626356409970457
2.983589895968064  0.415711956352359  -3.236273179230031
-6.356518877323284  -1.558010749050502  -2.771158194885843
-6.213284372069172  -2.492565593250208  -2.621749494712551
-6.015214309304472  -1.400637701053516  -3.651485835945482
-1.40074329747382  -3.469145801000227  5.932982444040404
-1.775712378493798  -2.590523161973131  5.993416593890421
-0.9319356172000809  -3.587346082240875  6.759105856389301
-8.115067867600501  -9.808964322388096  -10.41993484990514
-8.284204611643911  -10.44452286220302  -9.724456637246606
-8.897462884538401  -9.841681676134835  -10.97040687665542
3.90359038937456  -6.60453056314825  10.78145500609997
3.48536543092438  -6.187907764197742  10.02796634160395
3.528061148559876  -6.159207982708755  11.54099264746072
-10.66960966313656  11.08479295323758  6.022047406083281
-10.95304823369199  11.94624634331287  6.328302974929434
-10.63264171775125  11.16901536091137  5.069276816140656
7.309925329442956  8.091064486186813  3.184594760591116
7.659119173746547  8.91492017840198  3.524531957004138
6.799502956420782  8.345741614482204  2.415933325730731
5.942281196582337  7.559852304186132  -3.799033394838521
6.441415110588498  8.223876708746738  -3.323461353990006
6.563752534731454  7.200020218725261  -4.431904697815695
-4.166712169588838  -7.710133510187358  10.0958481442013
-4.049740595932185  -8.659667970768417  10.06529001720827
-4.29586151550488  -7.513981826773924  11.02379038569241
2.578619295980369  11.11859217785586  -5.630219737763197
2.141531952613988  11.1030627467652  -4.778782522791405
3.377389043830434  11.62441322219154  -5.480741307791823
-0.03403940395092568  10.28634802972745  10.81936973039333
0.5765819269959485  11.01479601272533  10.93222789916718
-0.6166479193648017  10.34202160915039  11.57679933789589
4.373186207879413  5.118117760329797  10.59796089294056
3.46129063886502  5.283362880706482  10.83748617637347
4.820597605335217  5.946483794962793  10.77077464844935
8.32995124126  4.138604503549928  -2.32354061399879
8.410477677851217  3.464468755075699  -2.998291179496153
9.058246876161109  4.736136519277411  -2.493166078963934
7.675122144758181  8.222239818398148  -9.951425579699801
7.090010175333251  7.647616256062384  -10.44506875532794
8.058671807912646  8.799005627920515  -10.61207881465753
0.7742463272616144  -6.75604132571307  7.409420185392625
-0.05775204229783524  -6.79347014826825  7.88123544192059
1.024780303714174  -7.672334833321938  7.291645932872367
7.673008771313031  0.1806663120403509  -0.8242954284827552
8.209182778742058  0.43553456338655  -1.575155900350352
8.30142641432364  0.04858243807405518  -0.1144525189661153
6.958835322315576  -2.226537409505298  -9.989659944393873
7.870433964694985  -2.377972538432968  -9.740085993552286
6.586554340816898  -3.103485453564253  -10.08240065193675
12.00385265028275  -7.838728750478886  0.8924229891345482
11.05672586629244  -7.97371216218224  0.8614040656668589
12.1462022445247  -7.317266374935245  1.682388446551221
-3.309072851428358  -10.35102316363678  10.29646960346479
-3.512771507085323  -11.25057946075883  10.55247188078204
-2.459732909835717  -10.4123883446162  9.859333677031405
-2.442966895359584  6.645933542971141  2.721835885345884
-3.107267597327007  7.268652689596795  2.426611764055961
-1.840370255911387  6.56917367556251  1.982094678651847
1.341385315521041  1.951207441361885  4.798914535352888
0.9568990541625597  2.817246661905395  4.663348229410123
1.071040355691988  1.445920280705198  4.032213597587366
6.458532048491587  5.972419431365326  0.4562635444605852
6.251914876381634  5.672654789912153  -0.4289948042285063
7.313381249648604  6.394978795781173  0.3731475602837453
-8.634996010488845  2.320288291114449  -6.323351715394232
-9.249350457687534  2.38707912004437  -7.054336967214024
-8.773122462286944  3.122473007260415  -5.819712355836737
5.725654581111855  -1.703182848683919  -0.2386584024067656
5.184967919663235  -1.303783083654283  0.4427882953076023
6.456616083733424  -1.095638417759869  -0.3518700896938555
-1.38507388714709  -7.508935175383248  -8.166667621080343
-0.6977543812399868  -6.86570543074182  -8.340101275277386
-1.086733040228037  -8.303965540549834  -8.608426941890563
6.166990538100591  -2.685546585274889  8.24061539904746
6.10746416841067  -3.567206251441983  8.60853479832625
6.520572207574798  -2.816044978808752  7.360739264414343
-11.04510739828777  -0.7818555677307185  6.464743301525095
-11.19701966658278  -0.5892884352253317  5.539501494093049
-10.09318544957254  -0.7567874794073414  6.561944302044679
10.55527766760776  -10.59786696077121  10.1812846502956
10.36610089486783  -10.53381102597818  11.1174154242121
10.39331858046205  -11.51637714124364  9.9660170436767
-4.867668306591678  -10.24972646802965  0.7383538070185273
-5.68752026484673  -9.806774208811889  0.9571411526289137
-4.312947784130097  -10.12168267385801  1.50784829610476
1.253551892461324  -5.545937191673647  1.029753624287103
0.8065207021905491  -5.786488780739621  1.841252168908675
0.5737849633355465  -5.138443184974265  0.4930065734605576
-1.230073416205582  -7.060075942125085  9.365975945572304
-1.294794369842231  -6.463440577309521  10.11167647501543
-2.068774743392174  -7.52123863672476  9.354106114696767
-3.765725430316011  -4.372185756903484  12.01717029706226
-4.539884612394275  -4.432670038779215  11.4574819440926
-4.115825302307564  -4.325607633922928  12.90682888218978
2.411720205656727  -2.13372016545646  -11.92111900993935
3.313091073344727  -2.112991762188124  -11.59966491962267
2.008152352284444  -1.346818062557076  -11.55485420385363
-3.397064115291429  -3.069263012648137  8.078747760942637
-3.331522139595747  -2.677637221472926  8.949704320771138
-2.520159607388521  -3.410012266128422  7.902225042086998
-4.254266155334792  1.303217189301752  3.443419820449097
-3.437539366631105  1.74519927184159  3.211383117905056
-4.84821661934118  1.500848720202985  2.719267582103988
-8.749488171272358  4.542257166545632  -4.874414651477052
-8.162403018686327  5.297809026204849  -4.900952378933185
-8.450568489526676  4.03239712804094  -4.12147268492116
4.216817349179191  -11.78042322672904  -0.5600609887603869
3.791165236413312  -12.22721113284593  0.1716716713318315
4.373689499525231  -12.4707940162612  -1.204274572447164
8.536898990335608  -2.224247437980619  3.929135142923275
8.946164011388619  -2.402322313479427  4.775907438914683
9.184062174772464  -2.510956339023516  3.284767500367939
6.160030961527138  11.99107646938405  -6.823469442267082
5.425037523041889  12.40042889986569  -7.280029485462279
6.165021409532031  11.0872858568375  -7.1386986669615
-6.858265875870915  -6.576434312342051  -10.40263165420987
-5.980303401242072  -6.911407930359831  -10.58485791020959
-7.120929519151955  -7.018347000219678  -9.595195695888037
2.671373812742497  4.400429607930935  -9.82447118829336
3.106230631402389  5.212150002994068  -10.0857017138901
3.230060093517441  4.039690744937651  -9.136017157583849
-10.37169714097487  6.105714649918236  7.577516326959882
-11.22311740837943  5.700965433764355  7.411704866935044
-10.46044149597031  6.505517526386814  8.442683327846932
-6.188086873464015  8.615064389507825  0.1487007064401043
-6.666463358716211  9.443492905404899  0.1817759601251073
-5.416795318679293  8.761289613888401  0.6963861647760144
10.10252098626451  -2.707632854552652  11.09606214403551
10.59515684867514  -2.404336894149771  10.33346571900439
9.585107029391079  -1.948542980061565  11.36494352992468
-5.274504410484123  4.055635406296386  -11.23733484165394
-4.713920937188544  4.112049280813959  -10.46351607460976
-5.992881548034828  4.662269941059682  -11.05800088090759
-0.4635604468427679  6.962452398398251  0.5783372557815647
0.07256316305277238  6.182930988571551  0.4329079377801119
0.005090067083137523  7.663853973439269  0.1259719539214826
-4.071596429176531  4.491911183963835  -8.760520055754029
-3.236205529972155  4.059539120009826  -8.58329623162574
-4.72558758523044  3.929995775820363  -8.344853745001968
3.323713184666708  -9.407864786015063  9.861277448509401
3.241640915112389  -8.524644137062186  10.22102356430979
2.536136266630117  -9.862703185171451  10.15973426084385
-10.63011783503862  4.030086495690172  10.34580512482563
-11.37880053280756  3.583563427703571  9.950427826770651
-10.67195696826192  4.921423492936643  9.999395419028049
-6.518306668151567  -11.05882924319684  -1.956880790399576
-5.680084527884376  -11.49791012797945  -2.101184152052769
-6.295931629845656  -10.1294967461089  -1.901003315557317
6.873057544160101  -2.77812950964604  -6.792400602716344
7.050580726194918  -3.718433329640502  -6.815769084568092
7.05025525193382  -2.522876319479844  -5.887039558011129
4.796857450021898  -2.002072967564428  -2.686259504188468
4.212445260071391  -1.254901219097831  -2.814433645615751
5.109802454335882  -1.910364756441487  -1.78632235733456
6.30765247933979  9.403822582040172  -7.741811397159648
5.398999881912514  9.187519798310989  -7.53253788488523
6.638390416792091  8.631960302394248  -8.201238081179625
-1.633615611693152  7.139687583203867  -8.471102591215548
-2.513218544185388  6.868709863401107  -8.208230765944075
-1.20618578475552  6.329773690048973  -8.749625604122469
1.363737293818522  -8.737937977461  3.72777311021077
1.148170813437262  -8.741786004193532  4.660375986694808
2.319950950252064  -8.702512993278411  3.702626465391636
11.97470020289408  1.687717077641872  6.706169142809301
11.1596890128427  1.680957828642508  6.204229990477066
12.28985379342394  0.7848584125245128  6.664261086320878
9.676862641546133  0.8896962529412293  -5.74441238909042
9.036793954672969  0.6982613785888435  -6.429902436404128
10.35610042445789  0.2248684730299829  -5.85786677341912
-3.897074402297786  -2.049748692234787  10.71324947740448
-4.780103128990144  -2.07193773683943  10.34446803245964
-3.82124274320022  -2.868173600206515  11.20382268243099
7.865203514167632  -9.239277232065774  -8.167587302787945
8.225534158774881  -10.1252690845754  -8.130009332599524
8.423686632171725  -8.779453474354721  -8.794397129409157
11.51136607606784  2.182723693610545  -1.165626682984049
10.74032362468412  2.589565667738268  -0.7703989179522271
12.24299096168493  2.478272207894574  -0.6237706666381172
-4.913666282595243  -6.171994282906192  8.082515923170163
-5.304309520307858  -6.84630662607397  7.526698898708887
-4.587017022931978  -6.649257044102319  8.845242845427986
-9.977570846435304  -6.420815316020854  5.302167044347604
-10.3441479044567  -7.298904833693562  5.198186760227546
-9.987534467916653  -6.266914576802668  6.246861242866401
11.06573870374352  -11.18723383569654  -5.606035071596155
10.17234948776404  -11.52017985597839  -5.69109091413533
11.14225072298385  -10.93786443150382  -4.685061319980869
-0.793278611694751  0.1777876546269813  -7.012897717188586
0.1269226363917179  -0.08397178044050953  -6.982181252983651
-1.278569567923425  -0.6322545293981727  -6.856193575882692
4.386765778642129  -3.604629568714514  -6.198886679180874
3.924809337015619  -3.696710230021342  -7.032162886601361
5.283044446243125  -3.376201308336011  -6.445335294238528
-8.104205416415146  2.037687427337698  -0.3617141353255901
-8.876548770037113  2.455497536222397  0.01927444328238918
-8.454656597886419  1.315487192218397  -0.8830994341200751
3.728065819997469  1.220398031807767  10.15717596524803
3.89732609360106  0.3977382530716602  9.698031447443995
2.779571324255655  1.232937065924037  10.28536646478256
7.553343138988627  -5.791030969041646  7.069892171919509
6.697476775899891  -5.982925617177633  6.686615440888226
7.930702464945215  -6.650591501736106  7.256941549752221
-6.032234342035414  -4.15675505430126  -2.682304931295035
-5.357792062681314  -4.45889599288131  -2.073970890612112
-5.807740616377582  -4.571966233819109  -3.515031827428252
10.030705163157  -8.926858854763195  4.864458693339529
9.389052559536657  -9.360338393197676  4.301778263587552
9.846317678956138  -7.993020832480576  4.763564472447712
2.558678996771119  6.075709000202055  3.993435055748052
2.979181285088508  5.917820490347126  3.148165344960051
3.26414153933048  5.98225958623712  4.633608194887216
4.629862963819119  -4.429914870967861  3.02653185886081
5.354252905216925  -4.102928597723462  3.559983852869102
3.990379893171649  -3.717670623130453  3.027703941540912
-7.356503438188898  -3.912135213315165  0.09735455699860117
-6.57993976700256  -4.456812249680701  -0.03112746761828413
-7.887764273323407  -4.396836366014163  0.7290653750351817
-6.047426301446266  4.665848588639191  9.374841896872534
-6.739764239332763  4.604823211112211  8.716680880812815
-5.244809093205314  4.789407987425085  8.868116594556605
-12.0411338899792  -5.204151581210347  -7.335185197067631
-11.49799728144447  -5.240087507950036  -8.122549835363483
-12.92888882650932  -5.378370416326848  -7.647868439594392
1.083798672566823  1.128105488580118  10.66545831823529
0.938590509187658  1.910336859477909  10.13323607924916
1.161864040838942  1.457988704526909  11.56062014836051
6.374054351006381  -3.473165507585193  4.950764853038779
5.896117325549129  -2.759441751111126  5.373146717163673
7.160760179872605  -3.058596175391144  4.59656427761281
11.48872756014005  -6.094995101231507  3.093676153404052
11.98346863817362  -5.278439920047555  3.162238109238409
10.60657026892619  -5.820781698735812  2.843002334567784
-7.029768664955449  7.561928876796986  -7.511258816865437
-7.046736620905528  7.237356605918413  -6.610927339326413
-7.468368373021024  6.880288685789273  -8.020403969143018
8.616294344616119  7.139209978514446  -0.431899950573608
8.781812067980153  7.841273425938444  0.1973397804061812
9.363443484901808  6.548814116345045  -0.3347777177759134
10.07263325873646  -8.075603715433131  -9.614621826996618
9.999755188243631  -7.164680912406731  -9.329770508291983
10.91381726876152  -8.369758902869519  -9.26517365203725
3.949881618826165  -0.9655367961829321  8.775232551094113
4.644649655703401  -1.473847061354577  8.356723424246344
3.308071774759071  -1.619259219686959  9.052647325514283
-1.935284375974475  -4.022147560229372  3.548551213727055
-1.653581167441984  -3.810986745601089  4.438655843907137
-2.267257052164359  -4.917963096877893  3.608053369674961
10.06481721045758  0.3735264751938194  1.624563352320295
10.60334522229185  0.2017626371390817  0.8520890133247921
9.677064051217545  1.233151354781976  1.460476808410024
-4.508644744609076  -7.786786592960711  -11.24740432576524
-3.832855586832999  -7.198180697868852  -10.9111247478908
-4.269149702123347  -8.647836163979708  -10.90466885798759
-11.06828708270918  -8.928634579446111  5.167164214917381
-11.11871026690363  -9.398231654961773  5.999731286787769
-11.95432751658682  -8.979941585337199  4.808650922722489
-12.01993425999576  -7.311930637898846  -11.95468739739816
-11.50873974338914  -6.697356988595495  -12.4811959308269
-12.61539817216217  -6.757976111481407  -11.44992116242487
7.99096061789063  -10.62006092445021  9.12135605571288
8.825361052527954  -10.62540569495733  9.590375445616186
8.099271463204529  -11.27466122441547  8.431429213161602
-0.05050030515548722  -10.49878613637602  -6.881734441587581
-0.1652686348117048  -9.932474655127374  -7.644853945147725
0.1200749100607304  -11.36578564256067  -7.24976676656668
-3.322805547317791  1.263433210613583  -9.282264663116189
-3.541968168563252  1.427986442921226  -8.365137725780945
-3.702289651171516  0.4048202459259596  -9.469367393701997
8.236315999730621  10.30885074399334  3.951807312645895
7.916666136609575  10.99331634634618  3.363961546987537
9.168722555243733  10.23419161500924  3.748642675724228
-8.455463279719769  -1.742491605100671  6.894159881694917
-7.803119557527076  -1.07695837162586  6.675653535662715
-8.549558439374998  -2.258338385025383  6.09336025596401
-2.892866764592846  9.070888793015827  5.68884558132135
-2.540945955777254  9.6081225510267  4.979082611326368
-3.272680472260459  9.701025377706253  6.301137400719965
10.417130405702  5.521446434782  0.8372617008862008
11.36802091058825  5.508351204039036  0.94620022781293
10.09487931652292  6.002810993874526  1.59928154102985
-7.745442182278352  -5.368481618588677  7.034523206762704
-8.574844040771037  -5.340583858363907  7.511541143640682
-7.384892569528827  -6.23326881594117  7.230428592195026
-8.552460549453606  -3.495901385553426  4.767643216637068
-7.9145901574107  -3.169307421989938  4.133064942569226
-8.100919148940548  -4.211422317883851  5.215272526467988
-5.419748553826714  8.604230812499628  -10.32187687783737
-5.522475488077988  9.240485801639526  -11.02959052457165
-4.499348974816636  8.344787615463515  -10.36413421412055
-8.657267216279326  8.896105243576454  9.393233339646097
-8.013733957639094  8.297493250885427  9.772390915372021
-9.444795959459739  8.363327537071518  9.282878302987053
-1.773123578368559  10.42870579725582  8.661166372256568
-1.033776051167224  10.25200980636142  8.079465761269164
-1.392790382928018  10.42842875027527  9.539561740920906
-8.741068391637045  -1.896487655823642  -5.913118298895015
-8.92713299060947  -2.586386113807679  -5.276210202949864
-9.138724329512844  -1.110480546551187  -5.538559332582262
5.796137276294682  -6.724571650857557  2.039926353632649
5.51061077025278  -5.882189116325039  2.393618479445586
6.19602765342946  -6.508073818353497  1.197638864234849
2.753404690489085  1.469445914986995  -1.579714060728656
2.57237076995561  0.9491548855767566  -0.7969268582709802
3.566637422092144  1.932083755900961  -1.377598765899463
3.181394543287914  4.169350426995885  -4.810510276919496
3.285721845168158  4.832428768190803  -4.12810660787852
2.235564480704695  4.110439685365421  -4.945294761317266
-2.764949324754142  1.872331287342633  11.98513129458791
-2.394748996179597  0.9932586029192858  11.90503902140237
-3.354348068696891  1.816905446041323  12.73730742871791
5.539706327430281  -10.85631116994442  10.58421725396146
6.191868015817832  -10.74436692587862  9.892563107425749
4.832481536684753  -10.25666090615568  10.34655258159083
9.64381171389514  -5.450797876851452  -8.341623702733797
8.718360165182355  -5.619931210730674  -8.165087059636651
9.695986366302607  -4.502479680382272  -8.460796870400019
-6.805175447434411  -7.904930729094461  7.065566078738519
-7.316841486295661  -8.561113762631303  7.538697700144684
-6.598212337825497  -8.319982539761664  6.228230957223313
-4.116182943462159  -10.44770478034086  -10.42226964984132
-4.882066915613628  -10.57405604330582  -10.98234905452305
-4.479890285347933  -10.26898222876713  -9.555086244201336
9.415681535819699  -2.759623441254544  -8.736924777651327
10.25242718637734  -2.511428428023648  -9.129974127835474
9.260941597830081  -2.097143565854629  -8.063569146293659
0.3967720372807704  3.580513686307307  9.472640981307537
-0.3154209637723807  3.649877193481236  8.836872412468656
0.5761262585526541  4.484379267406585  9.731660120785726
-3.363945476455249  7.63628620682293  -4.956668012594856
-3.935754873066657  8.181012330634584  -4.415798985949746
-3.846783471078598  7.520251344836209  -5.774980435665547
7.477655661853168  6.740753196336674  -5.881663632993897
8.28134537957226  7.013143250227356  -6.324516132336552
6.856927637771201  6.575219843432289  -6.591260186815525
11.11429744968624  8.567301129118833  -9.887899430662987
10.51579379947764  7.953288488991231  -9.462442384123023
11.98111592782378  8.179222898190764  -9.768514119007637
-6.095046552271747  -0.237257802974927  6.340512466185904
-5.542056898898228  -0.9839887393825081  6.110670799219941
-5.486517558115157  0.4977239507443791  6.416183629586905
-2.191415396226314  -2.14893079360772  -6.620648227993501
-2.904821387132257  -2.121630550537362  -5.983044566721226
-1.626857039180295  -2.860536657223463  -6.318782701049477
0.9267639151442757  7.317372941826443  -4.169205500848006
0.1970233399738731  7.100910325286871  -3.588813849813282
0.5155964656505462  7.733889187626569  -4.926627038343072
2.439867618654301  9.054456731019272  -9.466903162719795
2.672586003905653  8.966063987536275  -8.542640907693901
1.487116427362679  8.963916802533367  -9.484210064295842
-4.405820907869595  -4.976289300796211  -0.7241034376616438
-4.714211028813875  -5.498753923443341  0.01627355508338004
-4.002341006775676  -4.206476986424106  -0.3230737504135492
-4.999057617953229  5.005587947637188  -1.896913006937786
-5.505980133173957  5.750937347164055  -2.218962189807775
-5.021714635005079  5.093692945627001  -0.9440457502291045
-0.7889557354584497  -9.599143976019217  -1.629206725850685
0.07097535737851531  -9.840834278023074  -1.285206502755542
-1.0337079885844  -8.816575031974315  -1.135330200384837
1.431125892978832  2.062743150641791  -10.94016907134906
1.855534679382922  2.832530475352885  -10.56130696353523
0.7002442473356377  1.877123389485624  -10.35060214187436
4.472031143388814  -8.995315014423669  7.163330005175312
4.55476518815895  -8.046883664095741  7.064007844752179
4.266013279651266  -9.12256975353599  8.089394101874063
3.634166841116567  8.953480810009966  -7.000035659421039
3.276348353759775  9.729698210684159  -6.569124628004698
3.610340956362504  8.273048636683349  -6.327223483016879
0.02821204898591177  8.452463196626711  3.115007608094689
0.5182190227307407  8.907785640594085  2.430313166974409
-0.4853421975141528  7.79497509387467  2.645749394910017
-1.060662884987074  6.625946885083116  -2.582182107204863
-0.4419860453305567  6.311126851356978  -1.923122812120348
-1.79789181648022  6.966954126123444  -2.07578364341618
-10.03592063077142  0.5282310091443372  -4.593128513130067
-10.86318581104925  0.2314939522037467  -4.972353091102175
-9.922649711800826  1.417026895721265  -4.929942127640365
2.779165528696453  -5.626850223840067  -11.05755620364055
2.638022069764278  -6.028884023811711  -10.20042191563136
2.008882908306032  -5.075142658860563  -11.19362709497612
5.286162481949383  -0.4141862878741665  -9.106209244092017
4.710612781985758  -0.1422512552514182  -9.821069874497866
5.833487052734617  -1.1010657847345  -9.486819557940256
-8.280049655705628  4.347262319727409  7.778950320333665
-9.009232366990872  4.967278761413144  7.768751026139473
-8.621072023866432  3.583348544448383  8.244107636037658
1.303923416242425  -6.650124792956015  -8.57361043036977
1.806803045544954  -6.788710199632781  -7.771028345166776
1.613316809410795  -7.330828837523293  -9.171230353040952
-5.389056532970296  -11.09661436958048  8.392049847905399
-4.697202616109491  -10.83825169353935  9.000998717149141
-5.08928225520386  -11.9293876326462  8.027555794850381
7.615102352950087  4.936385988100992  11.68241209135887
7.61570596986537  4.107774793366437  12.16161451581768
8.398250709555201  5.392400330766574  11.99057018524898
10.28092700881314  -5.240045605235572  -11.0493606516949
9.645840219404619  -5.264239139620622  -11.7651198869219
9.74795368491891  -5.265219363110694  -10.25466727816548
1.735267255763323  -9.221199298572326  6.626241271590403
2.611364581413117  -9.429778174575787  6.950556193347656
1.308369476936286  -10.07181841278047  6.524078416421364
0.9040110986133274  10.59450784476195  -3.125748845308575
0.9360322029047536  11.54130729859035  -3.262779072303236
0.1052043489766458  10.31424144162442  -3.572504214618482
0.2379958869748887  3.420653247569196  1.096276474089984
0.7277340106025033  2.926443782409597  1.753654154584513
0.2716195700818248  2.874297141218252  0.3110400173539514
7.645783539354189  -5.605345833105506  4.064572886319614
7.014377709642226  -6.321716073991001  3.998450301831366
7.190257018706612  -4.929513722015683  4.566547374323323
7.007144377578784  -0.5830630616023627  2.366602172927709
7.638205173084571  -1.025473688703093  2.934287780816391
7.122520594446288  0.3474969229370772  2.558899556569037
8.456591522305851  1.18457599807976  -3.308093552163341
9.153723669267517  1.084702502361893  -3.956371189079587
7.660855764073442  0.9177186830891636  -3.768336549400999
8.993651859698508  -5.32761330571712  1.786038508273072
8.6865566124401  -4.622659068605557  1.215982482351275
8.297789059471482  -5.431833022769729  2.434995405021751
-6.358980622483727  11.2800278792601  5.178175442154708
-5.950446329372825  10.41884191546906  5.090481045973029
-6.933174213238999  11.19685656743226  5.939500663872997
-6.35622908745731  -1.936297956722846  9.388032623369547
-6.526343516960254  -1.751152581840298  8.464444992965973
-6.433253793532108  -2.887658487539108  9.460228018368749
-10.59375782023946  -2.79072255667858  8.837905604882318
-10.1200863004986  -2.377763589395519  8.115872348912138
-10.65371157287315  -3.713097109631804  8.589183728865194
-3.870410221095404  11.15522050755843  10.70407348716613
-4.376898086951545  10.37805836816551  10.46802075823736
-3.262668282929658  10.85011895418114  11.37771628473864
-2.062611898819748  -0.7882367849936923  5.664897250020849
-2.446819175367247  -0.2069874019114532  6.321224731781648
-2.790209641483213  -1.006950561179706  5.082662203860378
5.684277419862257  8.118256982772087  5.392791205013833
4.869709011145698  8.455783756791527  5.020251510026839
6.256812594700135  7.985502592836739  4.637270467028267
-0.992519030824803  -3.629420383757154  0.1533735939345668
-0.1657470282419654  -3.155837539063304  0.06172652656825028
-1.029578539012  -3.870669265702218  1.078931485053853
-4.136447073399565  10.49700914793175  7.428040355832417
-3.306552119840957  10.60170315353749  7.893384713537743
-4.56402697448206  9.759251863610272  7.86292132531818
-2.574134215810063  -9.92206446974898  2.253691649922944
-2.404402778225951  -10.14397826654449  3.169211909604526
-1.713683304977497  -9.953869883240509  1.835547553085454
-2.215489302527752  10.19791200485158  -11.43500753496099
-2.240834010340151  9.262475837762429  -11.23364054886975
-2.238715175938943  10.6281128656535  -10.58024463323351
0.8546908749697094  -8.067463018999755  11.55529932532313
0.9606748932650188  -7.245036469752256  11.0771635716309
-0.09275493868527068  -8.19010042747048  11.61478324105871
-2.55936129064073  4.362024377137643  -3.240919696587919
-2.07775768969343  5.188639241446289  -3.272505732404266
-3.264137663771339  4.518756995502097  -2.61246365976634
10.65867460666347  7.698485343154009  6.992672559746689
9.745075861413033  7.881488358890655  6.773403161726528
11.14422716954161  7.912788659019102  6.196089458311755
-6.979775112980851  6.961238483702163  10.42987661593726
-6.868117874271329  6.799187272861583  11.36662840062137
-6.64663183079726  6.169270041313295  10.00793659674485
-6.918942609416883  11.18047837516445  -0.06810108891826247
-6.563409075309305  11.60535026082273  0.7124830685575085
-7.12376477005715  11.90256559749638  -0.6621295106756854
12.06530941869801  3.777451149875737  -3.517525862924025
12.59299743044699  4.442279043031011  -3.075054310460904
11.91133550240752  3.10949028868998  -2.849429940899237
-9.179431159958529  7.490636006604244  -3.561142978275161
-9.497077317220446  8.379336399905831  -3.720969039111125
-9.224464482419908  7.062318631615886  -4.415981013315235
1.101158718470983  6.582456186517281  7.741994798309041
0.5664892447166733  6.965429158651722  7.046515038395208
1.318079566828302  5.706389756613995  7.423114262771903
-2.835002288965479  7.508850921605617  -10.91864545532187
-2.387627729074329  7.218999611976956  -10.123614599651
-2.901381133918236  6.720599429752797  -11.45761231379699
5.976382625954033  5.563324070169919  -2.141151297775675
6.132261174892477  6.342781195472303  -2.674424499611461
6.566580288890049  4.902615244977264  -2.503590819596084
0.4465282859978371  -0.3926035900802999  6.394614949108531
0.8448288266052825  0.3342792364210782  5.915835379902425
-0.4069373172347233  -0.5148436624849332  5.978819724511864
-9.556024906893834  -2.125390723076515  1.605335464731993
-9.88311398965509  -2.020476141671136  0.711894083024757
-8.64408824973941  -1.837715008002543  1.562369707497957
-2.621429810200064  7.693897375716399  8.691568815102279
-1.960042925416302  7.187178556406668  9.162774997991875
-2.216031437319491  8.550354114253281  8.556048136678092
-11.40324062761983  8.716031793409426  0.5579053430291806
-10.8851607289494  9.396892269917791  0.1286570813874495
-11.80742661092389  9.157226310554616  1.305041829182519
-4.351846356207035  6.99877759811132  -7.473633182272694
-4.381482579889112  6.154133473174801  -7.922999220660208
-5.037453995582227  7.518219657651455  -7.893578359184015
-10.61083146110609  3.15241534125072  0.5201270656368354
-10.7946311251005  2.684974867944815  1.334957678360174
-10.78584780006216  4.070781320461085  0.7255657409815706
-11.85204404498977  10.36308873094705  11.69658221629162
-12.54395317058158  10.47272711776913  11.04429928223782
-11.9751141433868  9.474280139125252  12.0299061998036
8.366436331113402  -0.5200323401962279  -7.655735381844036
7.906394866111747  -1.157370236549746  -7.109480774219713
7.70811066567915  -0.2226929998885365  -8.283770790826631
-2.004642233321227  -7.517833597153846  -0.6017856172097141
-2.060911036733233  -6.679468277796992  -1.060271443667044
-2.024862737336742  -7.285495911867972  0.3265689331714219
-7.865602240445814  -7.47290429219676  -7.210980700280908
-8.037567191075416  -7.127533120847055  -6.334979187864696
-6.926063632642347  -7.34305463050607  -7.339969497490331
-12.00588032447656  7.508838934002985  -1.855636189913875
-11.79070676748932  8.053811100563014  -1.098709827545429
-11.27502227672689  6.894576279731982  -1.924627099514269
8.918216030565782  -10.0862407881522  -2.515233412345498
8.127866496725872  -9.654974609784466  -2.190288897458536
8.598875837287395  -10.72055976142977  -3.15702241279426
-5.233028241774586  -6.953838937355905  -7.326559536905355
-4.845679965194521  -6.400990688354518  -6.647919745700512
-4.84332462795312  -6.640487953412248  -8.142754424316465
1.018333659598639  5.378305190323186  -1.128958485028378
0.9627495526995169  4.455836526708155  -1.378345356592473
1.869882593871247  5.66518849945713  -1.458798172573012
-6.195186239020979  1.818921276054857  1.559730572358356
-6.616350479575793  1.534237272299848  2.370783924785867
-6.921428532176979  2.00279866222886  0.9639176164021008
0.1310386350742653  -11.38508227870939  6.225447423014637
-0.01136590754150316  -12.33162706942992  6.223050466148439
-0.6208018979827141  -11.02808438084493  5.752668242241034
-1.27247876693069  3.03989687177079  7.248511025267391
-1.546658591935864  3.695886425795299  6.607624944461405
-2.015970929055412  2.440306466373102  7.311301077139819
3.756602910485359  -6.287583269720264  4.553900796639756
4.050257190479296  -5.600192587875577  3.955993567753585
3.822935802748802  -7.094390879626034  4.04312367498873
-4.538454451649646  0.9702265571660351  -0.971241460464884
-4.844256768592795  1.234643067182046  -0.1036005830373884
-3.62193937332446  1.245146551459196  -0.9967551419010711
1.297967787094072  7.947938714320823  11.4528072156979
2.111156967610658  8.254030944352413  11.05123188851127
0.7253535345145399  8.714969755347514  11.4499541744622
-10.30645972167285  -9.652160900539963  -11.86307175913178
-10.62158123421887  -8.760896216734396  -12.01332998929462
-9.968462500210547  -9.933720330084299  -12.71319763564562
0.3420171968212001  3.79083345676229  -4.949510977487196
-0.4646024762945892  4.297681597672009  -5.042792835310353
0.5833539182429823  3.556742026725673  -5.845719451714481
-8.821800842429068  3.649682592954816  2.499921037353869
-9.585668359899115  3.129321188526246  2.748843243143702
-9.082647782852327  4.086089948229173  1.68890973414394
0.8371735820773013  -1.982031173152532  -3.454212466740057
0.1118514557183009  -1.359501652146627  -3.403255146459095
1.621519194412939  -1.434409106886964  -3.488033657565674
-1.046614498399803  -4.268146180038485  -5.444204793237481
-0.09124578997186203  -4.296342418311642  -5.392171697000843
-1.318855561780108  -5.181506978804117  -5.355386469183449
0.4670413476214101  -3.990283718582841  -11.22621913324647
0.8243481552492076  -3.107439730149794  -11.32187569240716
0.110004029629529  -4.009777436957458  -10.33831362672841
-2.194370466336923  10.38095733749662  3.30105590951233
-1.437492015697573  9.795737769405534  3.271308504901895
-2.02427445175724  11.02826069942885  2.616733219945958
-7.133173386886847  4.383793608849064  5.027814945607811
-7.507331693885869  3.79073968709412  4.376259539525789
-7.75513093992829  4.364440991321727  5.755156762369051
11.91044846055101  -11.5443533206781  2.085235234332651
12.16025444210313  -11.57065605716476  1.161581090383687
11.35480241549237  -10.76868468490246  2.161573167790729
-6.196836406781181  -2.879236648968924  -6.659423092361044
-6.251404319405271  -2.967725662572839  -7.610960730809075
-7.033399764949398  -2.488932334531373  -6.406329967401579
-6.529461824598705  10.80480055110858  -11.66826465432789
-6.495210219507518  11.7573247108335  -11.75633503918574
-7.424412864747758  10.57288543860769  -11.91627646116343
10.16243485458932  9.757942735975055  -2.822001623520724
10.69487415799258  9.007633947423042  -2.557848353593851
9.957319105455127  9.594456714291677  -3.742562153942954
