1.535670181395811  -4.914692103608975  5.662236137983914
1.100244193096594  -5.505786168408844  6.276437941361287
2.311833008747196  -5.395867077437671  5.375402126752928
4.238291280310491  5.321749814989388  5.961838482619821
4.63400564005832  5.767612001452632  6.710736937800215
3.432549814410882  4.938842077791114  6.308817149000981
1.81037027656347  5.201002383617583  11.69296583492807
1.910155457742845  4.929170987255905  12.60531579495934
1.354644828268214  6.041359282649298  11.74140588061228
-4.04174628623749  1.860455759547597  -6.488456582629625
-3.519839633376852  1.750322839223253  -5.69365092993166
-4.730887920845052  1.200052250605651  -6.416464549545518
-8.688870465524865  -5.635543362159519  1.840760765320554
-8.031068156166317  -5.800727506879637  2.516217766272981
-9.466264150198979  -5.358287406697591  2.325549414310707
-0.4171082395155469  7.835138141561709  5.63530095377545
-1.369836787942376  7.784002057403099  5.558325282882423
-0.1098972489927695  7.956112119686426  4.73684753599649
-4.471069750133392  5.76012930517186  7.393381675056302
-3.788210441040493  5.44131457576454  6.803218839647202
-3.992930048824972  6.151847366071251  8.124251859697813
-0.601405388764369  1.578620416577471  -9.350291395553938
-0.6148407488009237  1.178227954393087  -8.480959924061841
-1.518344507760037  1.58698578943596  -9.624853797554625
10.36477888013014  5.792924621750939  -2.793951178493756
10.96155448008093  6.421444579399199  -2.387683549779378
10.90207418414776  5.015438400604098  -2.945808915232527
5.749080316628159  1.68205845801528  6.501858254114943
6.609905120092352  1.432964191806181  6.838257636222852
5.377427365741176  2.24123354346075  7.18408193291395
-9.360743907061801  2.0834825089725  -10.83600065386221
-8.4191208278363  2.04539980953361  -11.00371327912736
-9.635368659486153  2.925377794305439  -11.19935366938572
-4.055748438947743  2.501374573895819  9.651051176814903
-4.554999790768308  3.284571234958109  9.882531020011276
-3.484771905133755  2.349459562295955  10.40413780336219
-10.98208630065287  2.085412336667575  2.994341375679223
-10.95397453392789  1.137833955652478  3.126767885126566
-11.59361845718862  2.402571232319188  3.658924324927683
-0.4796642034107156  -3.943775703030986  8.3989033785837
0.3215795951858814  -3.68006671993602  8.851338774464168
-0.9616414571326853  -4.459550297358851  9.045360132543744
7.34218581697148  -5.480785686461612  -6.718453504532629
6.493996042010219  -5.873270034966385  -6.925243208894206
7.51294202068742  -5.741378593158903  -5.813375885832676
-7.493914566726629  -6.343775746259698  4.258181251135156
-7.106556433957006  -7.214346627913284  4.349240885409244
-8.386788758849166  -6.442619056386889  4.588692245028898
-6.359262268788368  3.145292221491189  -7.893058907105868
-6.138174385943051  2.310682829268495  -8.306313248247786
-7.02380241005135  2.921819061094062  -7.24138568590348
10.05350538367994  -11.60647007515632  7.103770241281284
9.838501604070087  -12.51207619620039  7.327114747103549
9.432238225936791  -11.37564008346789  6.41313540748931
-4.618043688695426  -1.208650870180064  -5.127417285132904
-4.9802379089233  -1.743089145914186  -5.834115888685975
-5.2247620486738  -0.4725601236586351  -5.048075716263384
8.812460040350771  -5.024472556105811  10.71372099010931
7.94407295000209  -4.994843041107881  10.31215182650641
9.138288288632651  -4.126882017325338  10.64739590199524
8.920066771466185  -11.87911996471625  -7.877170659854852
8.120536415902645  -12.08396546021125  -7.392380629524352
9.456059381270423  -12.66847244953533  -7.800578121411624
-8.937842639159257  -10.12301966920073  4.096561370011104
-9.373803570350182  -10.8906988702343  3.726644418823948
-9.651478834170096  -9.579256418252116  4.430143066283915
1.269863514252792  -11.25457705450762  10.43410494675824
1.217172218382554  -11.11438729418682  11.37951612632018
0.5137810709726146  -10.78670627863596  10.07960795657534
3.092103789048775  5.471980408312994  1.17062341627577
2.346118766371006  5.216673009953276  0.6278929875330654
3.589621343377513  4.663078032433862  1.290561189441052
-9.745247571443285  8.869919184237064  3.215220826142366
-9.253300041455519  8.24435905595257  2.683343026606021
-9.408343429948392  8.747454997712802  4.102762353318723
5.609210780279015  -1.546928717731847  11.7876833405916
6.147214351993436  -0.867970349286718  11.38049845538482
6.170565311170968  -1.923703608811088  12.46529208618104
0.2886676954890072  -6.330963973276294  3.372935404034538
0.6998616121951214  -7.181968115916483  3.524406035092579
0.2391816502737322  -5.930449695738183  4.240905037614583
11.46917582933762  -0.982255415832287  9.413869659961543
12.22500491451424  -1.46525835860016  9.079710429535893
11.80549600658815  -0.5052377019325121  10.17253604184492
3.313028622222963  -3.55395370980212  0.354684874677533
4.251297652946592  -3.731079516152968  0.4218377950124356
2.894743070283711  -4.337516602208537  0.7114736506817174
11.42665192079151  -10.45993297517266  -2.875429592163434
11.79916710620492  -9.595146575426634  -3.047501552257779
10.51142260274401  -10.28736354790392  -2.654506691226352
9.956894282338952  -6.310793076637362  5.312623307748546
10.71905309202941  -6.047250745022073  4.796976889882583
9.210008216798464  -5.936272099661449  4.845582535538607
0.9536344032493017  3.119173790615946  -7.341940315502407
1.131881218326699  4.056015858956801  -7.424322667384303
0.03183703091967177  3.028135493821184  -7.583256441948399
-8.128059979438243  -6.305343775157713  -4.705942899156501
-8.155666722986231  -6.986834973270544  -4.034348189078008
-7.194901851197598  -6.151355656218399  -4.853372227731066
0.09234081484579569  -0.9966014485066949  -10.87561850722339
0.08850294934895538  -0.2003484574818607  -10.34439512193954
-0.6260186593364524  -0.8744555032344122  -11.49632123309637
9.288286128470672  -0.9878155939763377  7.709149678700981
10.05270941114102  -0.9283876772077966  8.282174292151437
9.2850627955428  -1.895988187868922  7.406752605588075
11.78113526031837  8.212565861801348  4.51094095537106
12.6586026893604  7.981486355027438  4.206170529444437
11.51616131051181  8.941072279450896  3.94942599976673
8.305370016607636  9.835446118753842  -5.579110934801521
9.040954302651414  9.228654697542943  -5.49573366409587
7.694645632587712  9.39270064901288  -6.168368107678813
-7.928362663621098  -10.46722294277827  7.756912232034903
-7.046502063354569  -10.71045377196229  8.038678953689557
-8.222109003505548  -11.20573621887243  7.223486446346618
-6.371888119474642  -10.58086843444453  12.00416814643292
-6.855133218918746  -10.24747758102419  12.76018173937879
-6.960060459883854  -10.44002490246617  11.26224615762453
-7.103882193854711  -11.9489213505733  2.56391693646371
-8.052428335793113  -12.06378108065277  2.506477411571495
-6.896807516205548  -12.11861439756955  3.482914318221472
-11.58515834623654  -3.250058020747969  -11.78776190832766
-12.50575459667553  -3.357688625860231  -12.02682264646931
-11.45008671943312  -3.867580158098527  -11.06897549671801
5.15144956501065  -5.371835914067971  -2.984968253062967
4.920014924821793  -4.498908923213953  -3.30225095974457
4.325535183580428  -5.855649636946159  -2.989611107947762
-10.58206994823241  -4.874931403930223  -9.752037766075171
-10.18792897887028  -5.746472649002098  -9.788101520855458
-9.856728716291686  -4.292687190374153  -9.525976683561638
11.42142770841115  -6.762355090801547  7.712371373111263
10.87837515981276  -6.642342332426236  6.9333189311743
10.8024106440862  -6.740250298498388  8.4421392075845
6.121049245302796  9.294954420360634  10.12952450684632
5.79807426948758  9.904722768681012  10.79292601904222
6.043607583685509  9.774524679331458  9.304753632144378
7.240372158641105  3.931421705454113  -5.262230515711234
7.942976294122368  3.614690503935268  -5.829910544238799
7.493970716370185  4.828267716734196  -5.044086426704143
-6.460484639604769  7.32263202335391  -2.340584894423285
-6.258336335382583  7.62069925225895  -1.453723106909038
-7.416890867963014  7.307730004611694  -2.376597339424475
3.049297184058009  1.290789452640422  -6.413996546969816
2.308813625188506  1.732624909261141  -6.829565275722011
3.751496990383854  1.941250891034913  -6.420865983461722
-8.12934143795245  -11.92892006954681  -3.936287167787103
-7.616530018430097  -11.6015732450625  -3.197301143218637
-7.777424319701788  -11.46580725723947  -4.696492866896846
-11.47239215697985  -10.81264961683997  7.295438696319184
-12.38808364038254  -11.04504678575125  7.449492268513443
-11.25482969961243  -10.21001550545551  8.006586040362683
6.17536338431007  -5.239826070484514  -0.3449870825695869
6.960686728379564  -4.693800446147422  -0.3081753612461181
5.897427681652262  -5.199098372431319  -1.260041638210615
3.261355780409436  10.11730965766746  6.791559847988461
3.364143613245135  9.459657836706509  6.103693157555139
3.028866271605541  9.614074850438655  7.571902847629974
7.820317834500766  2.291346344324088  2.281125180371748
7.435479161432292  3.09164273858494  2.638415982162078
8.00670820123862  2.502372525626313  1.366270863011696
-11.08941372317016  5.853508563732375  1.149160700345914
-11.3334177403473  6.75840551783293  0.9545961042320381
-10.8921911825296  5.854225196739738  2.085822109767919
-6.654957643520635  -8.920666214561006  4.471246344626415
-7.55171099405495  -9.250580351914717  4.41448429498374
-6.106189998677364  -9.697652922701579  4.364580664363054
2.398915441161122  -0.1477714637633048  0.6089182555701731
1.917909588268352  -0.8358601101131828  0.1491365418762815
2.940710666780409  -0.6167315946698056  1.243556868574695
-2.666314653495641  -11.26024106456177  -0.8837801771648977
-3.305574358921787  -10.69298999698996  -0.4527290254936418
-2.031234141309174  -10.65662376049041  -1.269202975227744
10.13287215647163  10.79281611265601  10.06438334591686
9.510723697438307  10.08126996290648  10.21559581795231
10.69158612750155  10.47628749672416  9.3545381699297
0.2079409014218263  11.04991889734661  -7.105618860822589
1.018063665330256  11.19188768242429  -6.6159477350035
-0.2783335486321936  10.4106797371622  -6.584905604498748
-4.710734632446564  -10.81008469617345  5.111685052342309
-4.706866185133069  -10.59838698783965  6.045173646488804
-5.277959632635818  -11.57796798158723  5.042094110816566
10.69987433713282  7.605760707493878  11.44217845090553
10.61336211816596  8.110188643660534  12.2510665353672
9.962082576743935  7.889468098113487  10.90235878211781
-9.855474681650081  10.16652029900804  -3.449979787760718
-9.861032181309296  10.20033092058412  -2.49339325426457
-9.307409294893823  10.90587144764972  -3.713069222824049
5.278456571480363  2.76668424657644  -3.788491288743724
5.953736208439015  2.978170271339529  -4.433086443270112
4.502537133828273  3.239246413433893  -4.089930942287602
-8.952920152592526  -2.925487881727631  -8.633397485108492
-9.367165710973243  -2.748058981042673  -7.788914541193357
-9.457465298734371  -2.408627118062056  -9.261506541314295
2.560865581596862  -5.27074398035291  8.997392341003271
2.26314515301497  -4.4037331030846  9.272867430808954
1.873455778289101  -5.585162266875061  8.410160918634832
-3.831737906972868  -2.619109537837061  0.9575280723070653
-3.088123836863601  -2.019781677857202  0.8936839575626921
-4.600400094874017  -2.061488171498049  0.8373253573076466
-9.577297674653817  10.31521765963897  -0.6871199744472094
-8.785732483724512  10.46559858497207  -0.1703589408881666
-9.845156611133884  11.18782599270937  -0.9752833433959179
-1.878414945658843  -11.89695932700402  -9.47865925931837
-2.282412438943546  -12.14178734948264  -8.646146733989839
-2.558554842434958  -11.40667140776173  -9.940459342751064
9.496971281788866  -6.472973000941105  -2.42885309043688
9.731213338143151  -7.262015641867213  -2.917498370609798
10.11653555268616  -5.809666984148802  -2.732821974230324
8.551583417778483  8.132745100145506  9.619178560576142
7.635069509082514  8.367689686928275  9.764213509151693
8.516798530851611  7.395736689364813  9.009391340244326
-7.973215081193848  -5.99535063370545  11.45618772005252
-7.561187321787709  -6.330843309792729  12.25237213949977
-8.246360784330655  -6.778810785737679  10.97888964229027
4.994954594224871  -9.066515948581282  -3.200810524899988
4.295594115329002  -8.41344502688993  -3.17580788904398
5.439839658322317  -8.909955466317991  -4.033755862324059
5.185434179205139  -4.426017446842081  -9.936889935649807
4.655576295750087  -4.751715128375262  -10.66449112008015
5.13047178006844  -5.113688807058817  -9.273324509321098
-10.76209020117845  5.511942450111911  -9.50127317383207
-9.973638954197298  5.140106554965479  -9.105906839637425
-11.47416656276109  5.230717458212045  -8.926737187834542
-1.734743708395182  1.647970690388087  -0.8113131150259607
-1.291131549886852  1.407616880712864  -1.624744205529752
-1.491024861666185  0.9595046856647401  -0.1925663783966998
3.368292529927152  7.936230898605792  0.2468509588169512
3.244885238582406  7.98409807096203  -0.7011528461614736
3.082419560073802  7.053448586032825  0.4818060049758989
-11.81566482525682  -11.68512035855001  -10.51992210575845
-11.76722216299829  -12.27701387916419  -11.27061992028055
-11.58863033134987  -10.82628700463732  -10.87642238455707
3.001393505601054  8.53245600026079  -2.413200835775541
3.656009135715449  9.199839032995405  -2.618895037025554
2.188027181107632  8.870603702665312  -2.787798211018086
-1.524986292590053  5.546319129807104  -5.915004194350204
-2.238066233262832  6.049829375404884  -5.522287667083818
-0.8032077393036329  6.170565996937859  -5.989726405861906
9.962311794912583  5.395285788390249  -11.35446283947971
10.19388314299271  6.087956402914108  -11.97318246137924
10.71488506425252  4.803862676725715  -11.3636289326521
6.817339521734403  -8.662022850434523  -1.319143640335308
6.01048395713272  -8.737299790274902  -1.828603472117528
7.055025779470675  -7.73689338767616  -1.381373536846134
1.402299675231147  5.886108382914686  -6.951472766424539
1.663619329640005  6.304509472155099  -7.771768083211164
1.952893244726974  6.298326877325047  -6.285774280549816
-9.088623022368374  -9.364397841968758  -0.5502615082446854
-8.891528137490432  -9.43293260477761  -1.484439453093356
-9.248622092525393  -8.431671859163005  -0.4065451955034547
11.15936721511986  5.310011462831135  8.270997184317295
10.43304063053827  4.701806619918476  8.133999368321456
10.82802120935754  6.153078556403378  7.961676088688487
-10.37998052102189  8.846058085291302  -7.327762739419863
-10.45373380719544  7.992231055699199  -6.901415819275566
-10.61457269724125  9.475751225199888  -6.646084735954347
8.279559868335591  10.57548717196958  7.863336385274654
8.294682805493169  9.637965361537674  8.055835714458453
7.352003972677737  10.81058423957661  7.887857177124251
6.789277604290426  2.316625019667014  9.793027395166339
5.929372438238691  2.631981511783155  9.514917294167219
6.798221429969071  1.392555155575529  9.543534440836613
3.979117512556258  0.8356981457615231  -11.12913121708151
3.167673495300862  1.319655668999714  -10.97558785981204
3.93972672717133  0.5880742032368925  -12.0529074828057
9.435361628046506  -7.551416820370245  0.1224571139852468
9.453274932268338  -7.142096108008162  -0.7426252566380672
9.354821873459175  -6.818660175220565  0.7330411679204925
-0.2843858147601722  -4.354235920047863  -8.762887433446302
0.1318301065560458  -3.534066862567653  -8.497710390708969
0.4273328324569534  -4.994294130468022  -8.766614963079663
3.358669456597203  11.02731154630425  10.21132779069001
2.703647866166532  11.72091283891127  10.28940341405313
2.859237851066886  10.2539850505034  9.949094988985497
-3.261511956581657  -5.659300215223988  6.073333269099447
-2.913091943982177  -4.768355611844981  6.105783978336709
-3.64299235780534  -5.799514384313989  6.939961522890321
-0.700027312833856  5.025155047669671  -9.778305953278446
-0.7012890343788223  4.845655250418287  -10.71852405076724
-0.7586751858613553  4.161829580704321  -9.369085468602504
6.531349053715044  4.714887625862124  2.825933878721535
6.43693148328961  5.304433559554647  2.077767617479042
5.704075669482514  4.234504470974556  2.858836952145192
-1.545069828159997  -7.066331198113485  -5.41345522942524
-1.703184009051391  -7.249431938148462  -6.339579338170761
-2.052315049945862  -7.730965165630931  -4.947412512287179
-8.231288638087147  10.84949028653591  7.101101127190104
-8.453852666691839  10.39927846288471  7.915967010029674
-9.062155917486809  10.91966036986122  6.631029256696747
-3.131569742894669  -3.818093734189049  -3.82215227001605
-3.151884802468095  -3.029123062837916  -3.280539476498141
-2.324597421214166  -3.739238711224788  -4.330885399854164
5.438580810179698  1.826442168930946  -1.120099696322238
6.217673052119951  1.35855935012566  -0.8195455640676153
5.615505443461272  2.02076700427832  -2.040516652112056
-12.05252741348979  -0.7369582722681605  -5.920654001316212
-11.96995190843872  -1.566437835167612  -5.450147061199813
-11.99913640755293  -0.9791207929720581  -6.845174717174642
0.9689740912433814  -10.98997680550633  -3.737658566187029
0.2071053099775851  -10.57057708988231  -3.337793990777977
1.348173904236992  -10.31368936429141  -4.298973663686275
-11.82467611778358  -3.655210599150454  -5.009957595365375
-11.93089337613932  -4.217527738013577  -5.777257516757383
-10.87752872241395  -3.596667009654487  -4.884592928997815
-6.567186685926124  -3.821197837393323  -9.610356551443898
-6.611351065628543  -4.723497905770707  -9.926799175266396
-7.479952877262876  -3.573831416525314  -9.46237150564686
-10.09775091531047  11.54631181061059  3.276184495105762
-9.932662212888987  10.61835545701252  3.109227715819116
-10.84165537245488  11.76266142531573  2.714018289382209
-10.23183565549939  -1.239173331269193  -10.31408102478019
-10.69652752662251  -1.930294370463561  -10.78593377097862
-9.736125435972749  -0.7780944339897192  -10.99077110800913
0.5576758691200858  -10.74072421954071  1.924810047371114
1.184903757866631  -10.61304651036163  1.213111081404932
0.7845994351767768  -10.06917081226968  2.568046828308573
-11.36888234493167  -7.51334887928273  -5.86981955005275
-11.38238164254295  -8.40569639269404  -6.215891109520809
-11.8941415421565  -7.007506682926778  -6.489866554816512
0.365941677803108  4.506055743975604  4.328289591718992
1.166597665855946  5.029493161084501  4.293719385391871
-0.3407421431116996  5.150605643763628  4.365508457103292
-6.238053326969631  0.6660398121059985  -8.936428170014478
-5.515706310528071  0.04718777698381216  -9.043520590208928
-6.551070624770197  0.8259423100896788  -9.826755751535018
-11.56885638395248  3.883940750312156  5.130485686399915
-12.45451242354303  4.213485087266597  4.978020118096653
-11.64580555268441  3.344004337168506  5.91711096897926
-5.209023197544571  0.9165431224788164  -3.439956679463356
-5.861276526976542  1.616523695535949  -3.411240280184927
-4.850274500783002  0.8862713101722961  -2.553043589047189
3.110691538026188  -7.041380400796197  -2.560343633555907
3.134143649778337  -7.182435074776073  -1.613884222169029
2.181332220592107  -6.937268183845001  -2.764509608634925
2.559749354950495  12.061683275114  5.011560539146539
2.662871263521262  11.47990473019469  5.764641833990787
1.973239378340201  12.75226145213086  5.320331763137156
-5.104954072147366  9.428711525504211  -3.502462937130584
-5.739286798142685  9.14020311985821  -2.846248998995353
-4.7451274133712  10.24151340471906  -3.147343632137481
-3.175823965339622  11.46525284211583  -6.961907860934431
-4.089219547558222  11.34325758342233  -6.702953217724755
-2.779745902954144  11.9374077624984  -6.229498317266752
2.909506606026895  8.531601495357586  8.960705523979174
2.155563292418873  7.961952554100191  8.808057551211483
3.657199079607135  8.033962294926532  8.629732668376473
3.125890032781238  -7.47049289086824  0.5791403566902252
2.456954379049591  -6.820575379004658  0.7944637389311344
3.341797262085596  -7.879392398273974  1.417243632651764
-7.029479387133362  10.1425673771711  -8.496190613418376
-6.396750709148706  10.09996090507403  -9.213178025156706
-7.118721524338213  9.236498746585594  -8.20071249643506
-5.622293172422822  4.588977804669884  0.8641331071081841
-4.671185892507972  4.657644769090211  0.780996893035913
-5.778428612791989  3.670083221332545  1.082046642653878
-11.81902062183675  -3.536694325069932  5.858179078286589
-11.57877146233385  -2.6650729452588  6.172485221424587
-11.46432439928772  -3.57775961721654  4.970070936509722
-3.209468817203624  5.555085631143283  11.37913814458419
-3.899135852618492  4.995260797254077  11.73577153564985
-2.395049537906822  5.10467011022886  11.60292137905243
-8.973038232871261  1.189192850285036  8.581951537613936
-9.545638290431397  1.053060843037931  9.336821785196262
-8.087953752865554  1.077202259322354  8.928816656628312
-11.60144716625696  -8.858264444233372  9.126767174872162
-11.9900864341636  -8.136546704900701  8.632485004271677
-12.35080576935413  -9.352761115542267  9.4586806666568
-11.90197499828091  4.168738324339518  -11.45380853506828
-11.48157839573503  4.627195843403769  -10.72626799339288
-11.31612527913162  4.310483300874078  -12.19739464857492
4.230356784157757  3.909669767671741  -7.664272809270614
3.779611110350374  3.92814515393951  -6.820046040181772
4.86431644176554  3.197203775619175  -7.582302066353551
9.036568516987073  -0.4490993116558165  -11.93477560564294
8.311100759657439  0.1204502434360352  -11.67876451727021
9.780038441848129  0.1437763936934964  -12.04424116567736
-7.416023863562401  -10.18065328328545  -6.08740320592259
-7.79351351480735  -9.31466047966066  -5.93316356357002
-7.646710832281294  -10.3850696641066  -6.993620236062319
-4.288970834531443  11.74350833041568  -2.76245517320705
-4.066294531634069  12.29372824930159  -3.513391352245686
-3.699550626342026  12.0361494694061  -2.067345957365152
-8.977726960243  -9.04848554032969  -3.42001802575009
-9.142574810712254  -9.878910203561425  -3.866618411880829
-9.847662819753346  -8.674684667912983  -3.279603111590282
6.998504107184652  11.92660662816363  2.291025431503946
6.045725705566253  12.01255668432616  2.258502435714136
7.294930200953731  12.21300155686336  1.427114929340743
7.785010278202732  1.974833215809341  -9.189061179261721
7.919687968688931  2.919992212699762  -9.1200088057877
7.330613716576948  1.857486577956315  -10.02331855643453
-1.649459114998238  3.421744849227557  -7.577907260061751
-1.614450666929229  4.113084565192436  -6.916805417912297
-2.09380868656116  2.694790744213375  -7.141646985162835
7.61370475035008  -11.54617520998627  5.461630113718949
7.704464272972506  -12.4223436859609  5.08703252862041
6.675767645751653  -11.36100928224471  5.414519530819509
-2.595441641890902  -8.945074321964555  -3.669619730974559
-3.378835906602077  -8.572701622173621  -3.264818744725699
-2.007368796545258  -9.122764022564871  -2.935570319240139
-0.4109580736462681  6.355243429836669  9.694175602357678
0.1855465725750331  6.520252505232587  8.963979702565448
0.02539622696675645  6.742886643889879  10.45283198237106
-6.585507059868112  6.471519719398841  -5.002363345420042
-6.299495270675324  6.805627798070407  -4.152186370779388
-5.94300619549795  5.797435416072513  -5.223801443525709
-2.067062347785993  -10.42309916016097  5.119837301576989
-2.934652505340353  -10.78756931935636  4.944678340713201
-2.20204139788468  -9.475500140468483  5.128119445762112
8.03668217520471  7.675123631258381  6.489167088587814
7.623160742989702  6.812131087441694  6.467355751727069
7.419989488525943  8.248319535242107  6.03378985392055
9.289752831903735  -2.391852829381143  -1.958486984449809
9.899717234250705  -1.676119314335518  -1.779879024632955
8.724859216452323  -2.057536509692243  -2.65516455808908
6.276351404999393  -5.247446830053217  9.430119843164212
5.941170709750291  -6.081930429648436  9.758026634095621
6.601034348180618  -5.447561044579369  8.552186401750934
-10.552770760417  -5.422044877250126  10.93904197525338
-10.78636112556809  -4.572791289600757  11.3137895238421
-9.638772475906464  -5.552592499080377  11.19162125854136
8.026234737582193  -3.467074722234099  0.2178627406818463
8.508339073461059  -2.983044037943785  -0.4526009391638623
7.291968294882368  -2.896363167459502  0.4445187628204754
7.533503777107661  9.074156943799949  -2.147523300696135
8.007266747787643  8.553776656706018  -1.498689851792245
8.21035941044731  9.377278396474688  -2.752680864099865
10.76430995981167  10.17628593561272  2.99141944363365
10.31408106226436  9.858603645306323  2.208729375829656
11.19616932123822  10.98257434055196  2.709234504260935
4.840582493719743  -6.259543600263027  -7.916661019097888
4.836627881326563  -7.183950441189927  -8.165032099315312
4.182921761910264  -6.194271513768479  -7.224235025535782
-10.61022711788765  -4.167450191546271  3.172651425224438
-10.40990064993594  -3.406214784189317  2.628021458344092
-9.966774205541935  -4.132161884463158  3.880433118246394
1.568084702139031  -2.578498014521319  9.728556391202476
0.8971661212846403  -1.939713632957229  9.487611144861916
1.856492324485219  -2.306560475613866  10.59982148192147
-4.825808168862013  4.421860158343864  -5.145370667944883
-4.149512746825468  4.250545846017677  -4.490002261226481
-4.764900214792987  3.683692152720395  -5.751695709985039
5.165487738104837  -8.821492639156979  -8.790426031203072
5.136283760288639  -8.737162595632604  -9.743456676795796
6.081828311166306  -9.017131023096942  -8.594779878951771
7.50306896378327  -7.991162468716225  10.6260328421206
7.506230218444006  -8.705210118938535  9.988570843503448
8.428356962681796  -7.788761011652721  10.76426311837342
0.5671056458975861  2.891221257205955  -2.309365580695341
0.4715459989481224  3.136227379159285  -3.229730831060806
1.358498972324651  2.353316671600388  -2.285135440967952
8.018516396743173  -9.569278358336799  3.206545359221299
8.475757427611132  -9.670409635589237  2.371719063245844
7.451144634345524  -10.33805018545981  3.264086657918286
8.018394028232555  11.89750662512185  -10.42692726648423
8.488782879829705  12.61055859570401  -10.85881041681776
8.207706695739819  12.01434564001917  -9.495937901067469
3.503478063195827  11.56944480625368  -10.20419151766767
4.156045616112968  11.49178607330482  -10.90014880807888
3.251919764753846  10.66669764798817  -10.00926119491482
6.71228052521297  1.358347030534832  -11.69992781851604
6.739603340495826  1.853050937572384  -12.51892314702946
5.779256813620171  1.237814443128147  -11.52337615758178
2.787792386995593  -2.488135262038966  3.504349389427942
2.663277300255923  -2.309339500836633  4.436422299103087
3.471732723753854  -1.876388058050063  3.23191074648837
-1.639781898162219  10.19463474706479  -3.971153404393907
-2.271438571407694  10.0321388488068  -3.270555966349928
-1.817387865886959  11.0926546933668  -4.250882087714563
-7.088138126799672  -8.561124303890601  1.254830926380228
-7.611466648310516  -9.136371472702056  0.6967540559155222
-7.512113190616628  -8.607434634086593  2.111762859837341
1.80652996867228  -3.978545704158585  -5.430097394701978
2.724474560063533  -4.007600553989739  -5.699847988467466
1.822905750062333  -3.564105878423642  -4.567425206307884
-0.70239316908876  8.507045318627952  -6.203873118805374
-1.033892622829638  8.116864960780951  -7.012637139097997
-1.453136372229548  8.502797663069185  -5.610073118502105
5.022154449952139  7.058772796376516  7.77550678980844
5.755230950914769  6.607772505504557  8.194349745305837
5.412009700286584  7.502033198390769  7.022005004944709
-9.013071946673831  1.233927589628897  5.838081202716618
-9.693131298101944  1.862286481349086  5.59535456278735
-8.836900797055819  1.415609906247521  6.761221008959615
10.41745655513426  3.642178664301208  -5.73533971057328
10.14638419669158  2.72455222676567  -5.76204809173278
11.19466762797031  3.646661028220188  -5.176631650245952
3.452399276349225  -2.542267722680459  -8.592770110333259
3.933639859357232  -3.147417044038312  -9.157069357299125
3.932720364313965  -1.717116257551413  -8.660950401119935
1.237592150524497  -11.40387082946064  -10.92155447270941
2.070561518467116  -11.65787563967621  -10.52421906218496
0.6195421069177339  -12.07561566474156  -10.63344883258569
3.493907355669372  7.090584315072163  -5.117831840083111
4.248431398417318  7.180764269182444  -4.535772663717029
2.752590870516094  7.404827285499943  -4.600209328616777
-10.42463608085347  -1.440376714079089  -1.004296262000436
-10.24666408643744  -2.297369742941846  -1.3917504627574
-9.787493187156539  -0.8549486743775174  -1.413630823627816
4.947270551088868  -1.2063125805199  5.6256194227788
4.957736600273122  -0.3060046697691346  5.950531668860821
4.105973830269154  -1.557134059511629  5.917811067792909
10.41363497607932  10.08049260314567  -7.750980554442854
10.8297611940244  9.824909312313736  -8.574235066842418
11.10129409100079  9.979129481403197  -7.092890667561099
-0.3090527094275263  9.551918508971882  -0.9245528714525934
-0.5585294223407076  10.35605464017045  -0.4691867635624374
0.1808981260380662  9.851830895478106  -1.690211136768595
-10.44966835922522  6.042052792927848  3.874800127963058
-9.886650372683157  6.559652694262688  4.450415389199492
-10.81521894534496  5.363993678162129  4.44299062935378
1.301752627627768  -2.129872096947721  -0.6467173362797194
2.023442145369888  -2.723675209586785  -0.4398503659792253
1.183752450300213  -2.215990205415122  -1.592704370833927
11.49098903921665  2.343181161672006  9.668261537466213
10.92780429278604  3.073729100520145  9.412616294145257
11.57369304611696  1.814716147034868  8.87446268665626
10.96987039453232  1.482418168278388  -12.01564323540046
11.17269587185204  1.722383297481312  -12.91980605398827
11.34345354411372  2.189808849143935  -11.49003321364153
2.674321651081448  -6.710914416093962  -6.344040717120927
2.354662258980685  -6.002746007361282  -5.784981491354288
2.713335790241092  -7.473431462017569  -5.766738810297842
-5.079858621821843  -8.156057214906459  -1.958869223991471
-4.583293174863226  -8.119450519111044  -1.141364149567018
-5.753832683436137  -7.483499574622491  -1.860599061852642
2.506877605498814  -2.423632257712698  6.26598480322753
1.948591756162922  -3.196241865258998  6.178674180973118
1.894683930803794  -1.689371209910951  6.314062431543476
5.127786825978178  10.62023443999169  -2.404424783986945
5.995710382212439  10.23345426065612  -2.288918795368109
5.194200662871378  11.12023738541129  -3.217946816166067
-1.746810355004143  -8.661683317802712  11.87800861613224
-2.202550217446722  -9.323191907774557  11.35749021763486
-1.867361564627513  -8.944621841360915  12.78445499499039
7.291492068122994  5.60194042739769  8.764283905875033
7.109571811627671  5.302296072234858  9.654985943986391
8.081225300664972  5.125885024640696  8.507526208960853
2.370502109247941  -8.379835770678044  -10.41683796110263
3.178269076216468  -8.646014269996311  -10.85603424247936
1.702583226814506  -8.413804778087014  -11.1016461919414
5.700631037643983  11.07797199359005  -11.79795384561236
6.466422670970261  11.34442039356321  -11.28922969198957
5.471568970388808  11.85312689680747  -12.31068894813878
-5.116838129479923  -6.61670735614129  1.416254014323869
-5.090110246628761  -6.200939608315198  2.278028137946709
-5.807684533526827  -7.275261840275538  1.488842425534863
-3.477684790862512  -5.901723537351151  -9.195151476035539
-2.684883268778695  -6.206355484708712  -8.753680114302162
-3.378199123277719  -4.95066716876189  -9.237885838216522
9.334003296941052  9.822915476990708  0.4976105597593093
8.389527856742577  9.89102910701741  0.6374623250913274
9.565052781022384  10.62302494587663  0.02572835655088068
-6.564794730901204  0.5044405285533194  -6.244213191157681
-6.872103386080181  0.2590951807321683  -7.116909524801066
-7.219316935945773  1.125772294850391  -5.925184416132985
-5.407893357541891  -5.108111104342822  -5.085072127800224
-4.633755828553473  -4.720364739032346  -4.676910784211413
-5.761891819860771  -4.411639915965672  -5.638104506993693
11.79134274101158  -1.335175140567434  -8.634073027780914
12.52502838476037  -1.236780949064152  -9.240913862955463
11.3129029166745  -0.5087467360638914  -8.699976492925245
-9.307047162946427  -3.815134048976993  -3.991469100153685
-9.011813260999002  -4.721145196969331  -4.082092402093651
-9.263618608234829  -3.641490686730928  -3.051153310972442
10.31474059481305  1.513122631985673  4.237505543139923
10.68590681216895  0.8084277421205487  3.706588797037777
9.592268385226172  1.855247118845124  3.710991932806992
2.325290646120135  -9.45117691065593  -5.784160790433659
2.876827959494113  -9.885538167397947  -6.434828701581665
1.433344174031603  -9.713110873476081  -6.012314094267182
10.7126529529322  -2.351510483818048  2.19132651807861
10.43511643476385  -1.661441095895942  1.58882377042031
11.23963583742707  -2.942258917469541  1.653239938067762
8.215515291234496  4.557942323052579  -9.177766734173533
7.534914036534198  5.200593973326741  -8.977735165414309
8.801329044583012  5.009917093586555  -9.785033473908619
10.20886170789869  8.087704492631634  -5.066694185587584
10.19339544255983  7.258317290959933  -4.589086078098134
11.0586449166165  8.472440862230417  -4.852035703134147
5.654186020338357  1.762470911772803  -7.660276779749546
5.269964932839327  0.9280282438436931  -7.929184626158707
6.428950568778214  1.859451776938744  -8.213961208167442
1.874978254079058  -9.899144291566385  -0.4300662746935743
2.688319505226458  -10.33878817222512  -0.6778990961303398
2.144518147235559  -9.011955101806542  -0.1924206823286962
1.068395768890912  -2.170080281971558  -7.409411867995398
1.136164599400268  -2.66143520172364  -6.590748586513433
1.947713350022003  -2.208203934561306  -7.785681742722279
-6.829639617937235  1.754525229376947  -11.41894016828434
-6.882478001835814  1.456530469190032  -12.32703656629952
-6.090268018146017  2.362350515681185  -11.40845690775406
0.386290799966987  -6.876741433949909  -3.096463794217243
-0.3205551227857932  -6.384513023045802  -2.678957060155877
0.06295214275529742  -7.059454294805766  -3.978676899555408
-1.772306685249625  -0.8250901173655187  0.5728349783164004
-1.266792308795127  -1.172236587133799  1.307801905276546
-1.467647182317656  -1.324186756477333  -0.1850020570022343
-6.695243977039435  -2.551408100094398  2.986799274608662
-6.523592515690553  -2.15814469403909  2.131164124983209
-5.913472162029505  -2.354232380108017  3.50273183289892
-10.29990185744796  -5.54916812055316  8.149818453576783
-10.29734180181958  -5.625290884425428  9.103983329756799
-11.21438992377744  -5.683144299402005  7.900832911743485
7.207443612963425  -0.4404775968430387  9.466967821262021
8.044409515068111  -0.4874146397048763  9.00488900469338
6.742825426165862  -1.234703986631666  9.203213726961536
4.503035360814176  -0.6183913947461693  2.505945462193365
4.318014025255885  0.2445840479996569  2.876448270017909
5.454069747419457  -0.7073352874336855  2.568029433135242
-6.159572166059037  6.219767162458933  3.312450441187283
-6.108211241174537  5.584681431617183  2.598125578203915
-6.240985079525871  5.685942747234451  4.102789147838476
-8.826957750628615  -1.723270263425828  10.86889388593934
-8.034893649419647  -1.6324719048408  10.33915625498011
-9.473143065389461  -2.100221687283771  10.27174733521758
7.316846725712183  -1.965846663460953  -4.06419652482039
7.221885342402116  -1.072531090186013  -4.394652970096167
6.511060891503069  -2.127072049101724  -3.573332588058981
5.844836087254401  7.081892129304161  -11.96744131641919
6.387406810601461  6.317028871281065  -12.15936069192084
5.889246968101684  7.613203781816261  -12.76240511532279
-6.717106248666431  7.397085507539841  6.655748990305678
-6.049497409254917  6.730965084154271  6.819498369199889
-6.701842807476679  7.949386512261351  7.437389871751024
-3.454609207847048  1.005207201450743  7.299622399704981
-3.94169573989222  1.586039391613012  6.715146123735196
-3.638956321365872  1.33870850840167  8.177702612441438
-10.76992071622176  7.090829118839494  10.20278511653672
-10.16412778985907  7.179743213378958  10.93854394533944
-11.61856804464881  7.356131073681735  10.5572486897153
-9.059088773000783  10.6484916437645  11.26575973361775
-9.971649012776744  10.74546062702883  11.53790430009799
-9.08831187299549  10.01382706014049  10.54981370442277
-1.945837229622742  2.624703439174952  3.017047343578831
-1.313383110104199  3.18247596495336  2.564141794715937
-1.414214893667823  1.940877929311516  3.424468751918952
0.2260771907160422  10.09098762813022  6.864674605635034
-0.2375808943525626  9.353336358133271  6.468286381765547
1.132455847946241  9.988652241488593  6.574438428774721
-1.324612940406271  11.39461309551198  0.9160021986586497
-1.914030485812723  11.83011333315335  0.3002438530543526
-0.7211004364888248  12.08213917149339  1.197626758065135
-6.396485669561749  -1.293384052309964  0.3099584682547671
-6.346884651592299  -0.7787900175599427  -0.495624897025381
-6.84250616472946  -2.10017012409329  0.0522885393403093
-2.655023279416569  4.786227614791539  5.372800107209759
-3.157253122061624  4.005578747508239  5.139167123309743
-2.615695778460786  5.297151562157798  4.564318872006211
0.02660855224702315  -2.36344110067837  2.69545625466142
-0.5042411776794723  -2.963027759966021  3.219790348766735
0.928977981514473  -2.557457020073493  2.949068313019855
6.423297115900697  0.4667352472776431  -5.058756984451856
5.519326810646862  0.5537823728371692  -4.756280001606695
6.401828919018278  0.7647527826579071  -5.968128473519163
11.187646350263  -4.367745224607298  -2.700365590769335
10.41544672456289  -3.805880684738653  -2.635190312428519
11.63191083183598  -4.07376627390413  -3.495624848468458
3.281362140688046  5.717482866991312  -2.655412765895878
2.882831834457706  6.582877428830436  -2.747595667538329
4.182217958996909  5.895666345070622  -2.385336327163009
-1.828250812531972  -7.782148786540294  5.094425355501442
-1.547915783804648  -7.441481651547777  4.244960809564155
-2.299491260164221  -7.054910938480883  5.500983337670375
8.61515446063644  1.411096472855784  6.580164494486295
8.994800858329373  1.490303113781556  5.70504921022254
8.844717409510505  0.5256362312751141  6.862109264049671
4.014903998934059  -8.712969191517296  3.038781572677053
4.760844109155686  -8.268823625470592  2.635619188365716
4.408543873699734  -9.35402259984528  3.630668400259436
-10.25900549659932  5.486046413576925  -2.188087358205789
-9.645515968045899  5.301776608029513  -1.47681590712764
-9.871529997993417  6.227531207292609  -2.653162490489285
6.452176753811269  9.326857251848098  1.006452883225334
5.639457564986635  8.864523440629554  0.8015948662468266
6.202551849271438  10.25053875237169  1.033503440039707
-2.587653247646056  1.842938674777357  -4.254307234231136
-2.563244232532896  2.65537591770942  -3.748756281034374
-3.328326085734991  1.356886580675579  -3.891831098828323
9.348095728005225  7.376695662156622  -7.903518916494934
9.840735030764016  8.139227685052747  -7.600066660884145
8.862046490053951  7.692582786736768  -8.665229690221731
3.868284663124195  11.08143170013997  2.40164044952413
3.498202573755047  11.51095690403562  3.172859735036732
3.127761465399601  10.62431505787874  2.003015802770379
-7.343980361319407  3.346034606305858  -2.748990461602084
-7.53361963394779  3.017670799146247  -1.870101392137328
-6.57265928593785  3.90156521246259  -2.636378809028418
9.117982069428912  3.324289127244167  8.575845198517539
8.951319952025058  2.905974311936527  7.731174674634647
8.441853041052177  2.972965511004065  9.155200955939788
9.757231446484639  11.87875065490428  -0.8696639606840031
8.857502724191352  12.20529472121363  -0.8602279107348333
9.861376996230383  11.48728896351465  -1.736925909948771
3.85946916297994  -11.07118177201519  -7.890736951702214
3.777744160105615  -11.71758396967866  -8.591962352526398
4.291134350894297  -10.32298064510796  -8.303159161625011
-0.718764170820241  -9.568578248390656  -9.593922187322084
-1.10987544810461  -10.4421926877786  -9.601772032790418
0.1025922416252395  -9.6690218133136  -10.07508387947999
-6.481321242611283  0.8546994931338162  10.20274175731028
-6.272909396133194  -0.07350299121889506  10.09673944465132
-5.742209672467768  1.313712674790385  9.803676817801055
7.330348618994999  -6.603235834087663  -3.963212270621133
7.963178664356933  -6.613229248597255  -3.245118888564417
6.544153032679985  -6.20963523193978  -3.584785387263706
3.983174474281986  6.758636955688829  -10.2933989489196
3.664878763977315  7.652327104101174  -10.16597210939055
4.677179008738345  6.842013117470514  -10.94733928396598
-9.530150106310353  -7.640550426266119  -9.387107745918151
-8.962839229445899  -8.319459881846694  -9.752446164531046
-9.17645492034991  -7.477125662815771  -8.512794356955355
-0.1929438321393971  -0.5715905072112756  9.056420087036816
0.146140471959728  -0.3089592544511461  8.200687360195509
0.2401890873084883  0.01500846108473688  9.676524404458171
9.92146737966841  4.621619067521607  5.180929281459061
9.054197233419103  4.622134302655728  5.585989854654558
9.823873727080606  5.172375851684968  4.404157575181982
10.6795642981141  1.110045070964258  -9.114682204503151
9.940990191361429  1.481222577098669  -8.632015251237924
10.3650023908961  1.036974979691198  -10.0157612289448
-1.052671438609431  3.979390945315498  11.8772960738349
-0.4056488338855699  3.701388417313957  11.22898427893903
-1.609704903783348  3.211508384174068  12.00497508922591
-7.673646864733954  0.2573164888851936  3.302948947604641
-7.314327777332  -0.6271133782784987  3.232910076272783
-7.84706151222485  0.3726101103816796  4.237222237856393
3.344665695095545  8.792812037904598  4.528550257521422
2.761723576058182  8.105923004255722  4.205140639072708
3.602410986768868  9.277654486599511  3.744504975306323
-0.861702050623991  -10.31555245110002  9.052435865547169
-0.744369312251921  -11.14740421968753  8.593646694354188
-0.424419434110341  -9.670914817921465  8.496146304989969
9.276878488810722  3.210448186060545  0.1056654743793234
8.819479005813836  3.355349306827909  -0.7225985041652847
9.674973151763975  4.056336758728539  0.3111527050235672
-4.963071607077461  -10.72184338303937  -5.094151482970629
-5.325491753499604  -11.59906683510597  -5.218097005728483
-5.716184705012067  -10.13700071546512  -5.177886516881037
-4.993613043299282  -5.644189226674709  3.820282863898051
-5.912352211678845  -5.659214803179306  4.088470135288649
-4.505724191045905  -5.817276068865169  4.62541468720863
11.7218227393675  -3.923748641304151  0.2062648906898042
11.71922791336483  -4.10931628195232  -0.7327717207489021
11.40268414372851  -4.73025217767574  0.61115307598754
5.059459884449283  -10.6337612553903  5.058218942443871
4.27400071254259  -11.15078306437246  5.237032192245077
5.026005798387139  -9.91881463431797  5.693800560446624
4.816756244687071  -6.180056643017204  7.075570778373707
4.153777658363937  -5.84532455625584  7.679429755428251
4.326855456285799  -6.414950429710371  6.287501005766765
-6.468900856484954  -2.12431316660533  -11.65581823511656
-7.281716695876734  -2.174137014766841  -12.1588886430996
-6.532210768788951  -2.842161985209084  -11.02580492681804
9.823343364390126  -10.15745917336497  0.8922491047261557
9.839673231641838  -9.335119465940343  0.4026343775902982
10.02271674344925  -10.82909039484876  0.2400270581417573
-11.50880101213934  -7.945327614327218  -3.125314666642019
-11.52745785503689  -7.123183915454557  -2.635453971528526
-11.41954539850212  -7.677713237084462  -4.039999213645637
-0.456094712543307  9.504613819975219  -9.317076888966353
-0.1650067586537143  9.940846476562697  -8.516326795349746
-1.098147762316852  8.860092906123123  -9.019431944638809
4.502346949835167  3.287410967587045  8.664418663339053
4.234690174930784  2.565509040347389  9.233144694302519
4.48721985219886  4.058198586413923  9.231771690633606
4.796049267031877  -11.60118142238153  -4.443664482831269
4.702884427692849  -10.71615470926177  -4.09113098119579
5.410363932761416  -11.50613313922869  -5.171548508854167
11.2253075844222  5.422799976499141  -7.488026429979938
10.87800407172623  4.701962743809251  -6.962663894165836
10.45754733239655  5.949552299841986  -7.71008053433837
5.57753418113006  11.06858937240849  8.249307699004998
5.037795182780219  11.1139710024606  7.460096598402552
4.996458728878469  11.35441617153894  8.954209252194838
2.113462696056677  4.049557384644713  7.036506516305424
2.829488666178789  3.749459423185533  7.596399241422239
1.527970341581686  3.295175174654578  6.970642838138082
-8.599218176742145  -10.80910692885073  10.33754956806726
-8.31696470062888  -10.89893186912107  9.427331849426595
-8.719921781953802  -11.70877964013588  10.64127887560564
-9.775139183092934  7.142882872194979  -11.38165483139288
-10.3147327712363  6.579747889448575  -10.82672277172992
-9.738287504084171  7.976920633177473  -10.91340830763692
-0.9468427098114263  0.1058622796437426  -3.007975868448759
-1.783434559864041  -0.3209250322124205  -2.823047485380788
-1.179892452174498  0.8767853465616642  -3.52527392806079
-6.990442982083804  6.423928760814646  -11.0667433890401
-7.90901161518901  6.640387062664982  -11.22677247963084
-6.569669925091056  7.26823753745339  -10.90449492464131
3.975687148104985  1.740866715726644  3.889697119880832
4.531879144754008  1.540798199891698  4.642594783468105
3.160423287927768  2.064535991350868  4.272861416633327
-4.362442199558219  -1.044958370854688  -10.05973209589217
-3.849257695635894  -1.815626837743719  -9.816949025895704
-5.027274475921357  -1.379259245635685  -10.66178924386607
-7.903989477422714  5.332846529349793  -8.868914658092175
-7.513915252129101  5.670075275350595  -9.675357905712435
-7.372272717267728  4.568637771102683  -8.646441961365824
8.091806643999583  -8.380838124606841  7.293140410346933
8.791143225074116  -8.725753656752593  6.73798866347443
7.961769604765915  -9.053846326138505  7.961258789901379
-9.492438159139063  9.318240873199764  -9.813717549302575
-9.858454727549695  9.278914290875923  -8.930135560140487
-8.626436193286896  9.709114106422216  -9.697568719388501
-11.38887112248019  -11.78663059550592  -7.576873982118351
-11.89255039144995  -11.90191968019412  -8.382632916888451
-12.03130913159808  -11.48884546569248  -6.932801578655323
4.467367665819514  3.147352803588962  1.562772860648587
4.414153170940198  2.511186812961344  2.275999956252449
4.931407744526227  2.68622888082665  0.8640144093865192
9.671806503163044  6.719313537489149  3.061472444188233
10.32405694214411  7.021859928451695  3.693348133042092
8.88425378457325  7.221674936567514  3.270339818753653
-2.974879654477812  8.423889092845066  -1.039964509265731
-2.109716274078446  8.720269651418622  -0.7573291793517773
-3.511688696071868  8.460886821011927  -0.2483212430319034
9.439578427226532  -3.479091517237187  6.333611638219961
10.3000935694392  -3.714953677714666  5.987036146764471
8.98091399368198  -4.314160002479008  6.425912246870109
-11.70430202613317  -9.030018046943349  -8.147683428122853
-10.93563594329612  -8.628609936647544  -8.552968293476466
-11.46091876449165  -9.94806026026083  -8.02854098178287
-8.430084307019269  5.375653491635097  -0.3056037835620954
-7.533309531225357  5.05535424235731  -0.2084686590608761
-8.569142079231639  5.935220275982343  0.4584510507545358
-4.969575131707124  8.729661054931304  9.618515456128033
-4.06277969038189  8.460678768905572  9.471537915680029
-5.436536112710441  7.912963432172032  9.795106155769247
-4.785577986692412  -9.588093292502482  -7.816446019218076
-5.064147072939  -8.774371129025486  -7.3963420501175
-4.401926605630763  -10.10484965924006  -7.107921979226721
10.93924845190246  -0.4435382980828029  -0.9252625993914808
11.84477012957911  -0.7415030919875399  -1.011745619984914
10.96565394989233  0.4801371057954854  -1.174979114556554
1.656866230950777  9.704139851288588  1.363494696631801
0.9687455292977155  9.868577156847568  0.7187605556891948
2.162925548494459  8.980025007461023  0.994993000467722
7.039666487036592  -8.965930711094471  -5.361034690244926
7.273713478975409  -8.810571946050688  -6.276085235126717
7.189325604996768  -8.125020108226161  -4.928942863898908
6.822007117995434  -11.22774822521668  -0.3847738816586843
5.883041653516729  -11.41347148855432  -0.3938604636071534
6.882965468432169  -10.29012658151424  -0.5674801288775017
-11.273239629408  -0.671507196194453  3.653156488788033
-10.60204371008144  -1.013695087944817  3.062702998139682
-12.08702601615598  -1.074701080040319  3.350801980349771
-8.519043656123287  -11.53105417599511  -8.336284919768046
-8.073800371476313  -12.37645269437922  -8.393657409610526
-9.432048074465689  -11.75261204176146  -8.153072244976382
-11.91095828041654  10.23001988527726  -5.454159449807344
-11.3448421566507  10.26299248699904  -4.683019266735525
-12.09906982334695  11.14721163934967  -5.653169936158977
-1.708558665180121  -5.272634630733014  -2.025791479392675
-1.527745783893691  -4.651334034238968  -1.320437588953953
-2.339067359686857  -4.821514588941441  -2.587201609373762
9.962301393081132  -10.44126884247961  -11.18169624887681
10.55695912897112  -11.04543604537388  -10.73717852359119
9.971154251005013  -9.652935009154982  -10.6388489092478
8.328015158409682  -11.61987158775002  -4.639754787544618
8.15853959928214  -12.45016120384751  -5.084871657882161
7.917243898508125  -10.95992413159478  -5.198295893599587
-3.880184125403022  8.919810799474389  1.832967748675525
-3.276266825312193  9.625785332787105  2.063436169429639
-4.444092374102922  8.826169280942779  2.600737631554051
5.290230820512878  -8.303679808349768  -11.46749536396459
5.996945881643597  -8.724101622457111  -11.95742511463676
4.975670205591867  -7.610196768521101  -12.04746496059058
6.532773901871843  -7.92566314874626  4.92081679159475
7.117176376763902  -7.912798344142183  5.678801015799009
6.97402772674666  -8.491344456361313  4.287151611670629
-8.065105056952689  7.293921880296524  1.678532487070488
-7.52686895368145  6.917407254374009  2.374787091078117
-7.436131561930085  7.699039874157744  1.081453268198393
-5.675858223444602  10.98633038582492  -5.884151610839239
-6.521545914404792  10.93670128794839  -6.329776028934099
-5.73201083740649  10.33063146357648  -5.189070574335236
-1.892865115033735  -0.5454185555156679  11.43101875304393
-1.263987611204832  -0.6349098728828269  10.71496272919257
-2.719203041138899  -0.8614192679986362  11.06558610317466
-9.579819468652074  -3.944101929442351  -1.346136084595832
-8.732583470996182  -3.906596979348765  -0.9022708088707529
-10.00922213174777  -4.71668231162052  -0.9787606009285675
-10.58435694718674  6.318302697032671  -5.911909201433023
-11.39608934959305  6.349716093157407  -6.418205108415862
-10.5652676400025  5.435004052222519  -5.543600984815779
-4.868555152289959  2.652703290483362  5.630322694303748
-4.684290321933736  2.247467927644219  4.782936942123302
-5.672871676108231  3.151717256377671  5.487873295023427
-8.728794503234482  0.1013828223852421  -2.206501020572114
-9.003983626293751  0.5463786352559125  -3.008050465757775
-8.0997052428743  -0.5570255859128903  -2.501419501481331
5.795550249718992  5.995737815418353  -8.220514804847499
5.529504257382888  5.122520621040518  -7.932516364912833
5.06141775737099  6.308033021219209  -8.749431649079851
-4.400352635987621  -2.288780047436195  4.284060729121082
-4.774134844920305  -2.881675451977419  4.935976168084834
-3.768166529840498  -2.825496043983703  3.806035095661375
8.451120349692221  9.599769348154654  -12.01562886112853
8.458763370476225  10.5299447334426  -11.78991404806186
7.841950407244963  9.536316274896262  -12.75123577294547
7.351297679873673  5.009517771902432  5.83615308084299
6.495826177829185  4.865748776172101  6.240789738915934
7.151934800131873  5.239123034736919  4.928536583934873
11.67839125727813  9.78563185921513  8.153646440944195
12.24834553688756  10.09253696384  7.448527148972908
11.45400752386327  8.888256608615748  7.90747284408517
-7.284902308524306  -6.546492561193289  -1.768152410573316
-8.032836154251516  -6.428359797188079  -1.182600147761365
-7.056848403755352  -5.659981555114238  -2.048012183710405
-1.353636944192574  -5.005732953286262  11.13715232544242
-2.191892368156275  -4.60118358678311  11.36053427246889
-0.7168722960868986  -4.564637943170228  11.69946701934041
10.15370253499528  -7.133388378996804  10.15076199953602
9.724785287617637  -6.316800382085177  10.40658591984419
10.63020631588529  -7.409666683633108  10.93360699388983
-10.28984046515176  0.5709879254342313  10.900123258345
-10.12405413645229  1.079211315960952  11.6941356754632
-9.922703304670872  -0.292990256800485  11.08716294936384
0.5900655479798984  0.6222264348134241  2.736307987772535
1.298760526419192  0.4521920543100543  2.11576662977795
0.3145301776659114  -0.2462134548176094  3.029777335070635
-10.70420302975347  2.190765058274719  -8.219455602759496
-10.11288397521386  1.936897633016354  -8.928063354714746
-11.55031360434356  1.818521510047949  -8.467978190003331
-5.125337935639203  8.881537056038491  4.199106556457671
-4.460396182679593  8.921786000300356  4.886466962399711
-5.414709548472818  7.969125303975463  4.198267280968016
-9.053471029621173  -8.133210237748806  10.19234409849795
-8.690350662188099  -9.018624588796394  10.17192680890683
-9.923870992765149  -8.221774147833269  9.804024413200491
-9.196811561386671  7.636209259351287  5.587141755908734
-9.565879872199124  7.173799205311132  6.33960262789918
-8.261049841981009  7.698083697030893  5.778853514694662
-5.973430578766322  -4.602661730449914  10.27306911827607
-6.779227271856963  -5.061089927051166  10.51132762906868
-5.687657186047598  -5.024916248331707  9.462966328413918
-3.196780195257815  -1.419652885730416  -2.674788439397283
-3.719658658549343  -1.236099799757174  -3.455261512126631
-3.650027581048465  -0.9592310798842092  -1.968523327718064
-2.925413382406408  4.007178969083014  0.2583298919551936
-2.2361236252892  4.604509940841894  -0.03202709678606398
-2.571710681759903  3.1334688925855  0.09172574500176917
-9.827822979172247  -6.652304588807779  -0.3307146330942282
-9.294298365518529  -6.306406010467272  0.3847834452593531
-10.5259127417975  -7.141149903759257  0.1050981493798567
-2.554913453097952  -7.203035098175027  2.178257288488117
-3.393414026389383  -6.978898866946196  1.774634223685724
-2.581896833078658  -8.154968743347109  2.27482888055436
-1.993088178223601  -11.29515855650574  -4.819007978916063
-1.292021880067858  -11.07935093806435  -5.433959161867085
-2.287416230328354  -10.4482609743221  -4.483795623780197
-11.19861780820288  -11.48085918884512  -0.6539624743070441
-10.65993227416679  -10.69267106120247  -0.5846140001822894
-11.8624704136358  -11.26108894281478  -1.307592795834194
-5.76089471457369  -3.590234978631128  6.560303648468441
-6.297692497166769  -4.336930037665814  6.825871849532385
-5.139490082940351  -3.473711587990502  7.278990244432389
-2.97267767157657  -3.03805004259294  -9.04750817950659
-2.056697046829552  -3.270541969624977  -9.199688463883355
-2.987447055653728  -2.692359951284513  -8.155032932754528
2.963849308986372  -0.40184017669658  -3.755635300779981
3.269609923362508  -0.1052172409017634  -4.612815048940652
2.970221125769346  0.3863935074153143  -3.212607770002512
-6.364555532300752  -1.549526644016757  -2.771794942368162
-6.196856763879325  -2.477561820482409  -2.607905728835654
-6.021073182636066  -1.395343435339238  -3.6518399716881
-1.40511970196999  -3.469345989881229  5.929857267136582
-1.780794721286256  -2.593305323155137  6.017337951312156
-0.9324580823265405  -3.610783563717681  6.750112255553775
-8.120013765546885  -9.812405615111945  -10.42063542283635
-8.247409808868058  -10.46876032157733  -9.735653242449992
-8.918638594095142  -9.856188715992594  -10.94648070740543
3.896239625799523  -6.605566696161302  10.78166811280919
3.475893384168667  -6.178932219906644  10.03499288165596
3.5268010011789  -6.166819133100813  11.54798888020813
-10.66734140061315  11.08804747383221  6.013809243639349
-10.97805549295416  11.94742563992435  6.298691255119195
-10.62729896049074  11.15155271287988  5.05955795199624
7.321039354185419  8.100507526772446  3.183777180291083
7.63382574212673  8.933683353206732  3.536218037406392
6.844743915041075  8.339906874962711  2.388753629233396
5.937742809407022  7.565716614578474  -3.792040143341071
6.437461294128574  8.205067443645996  -3.284355405143963
6.570670489025101  7.204549484288227  -4.412679085376762
-4.170014261688182  -7.70998555653615  10.09640227801866
-4.02645178664471  -8.653739842696297  10.02604957292677
-4.262730709212292  -7.550702984910024  11.03569167045034
2.582328928581253  11.11437371936501  -5.628660544932106
2.150780301056238  11.10346376398859  -4.774331220283256
3.383779937795391  11.61799519323657  -5.486275395126799
-0.04147321441050165  10.28339235359338  10.8240719923213
0.5839653512960055  10.99576913768015  10.95665312982279
-0.6358467701561376  10.34357556442737  11.57195560449903
4.379369765626858  5.124849290688914  10.58726383852221
3.471754990504953  5.275799357319118  10.85123606691897
4.822987433401093  5.953457001621525  10.76849426152443
8.337786163117418  4.140082456369271  -2.314705156397123
8.425673752211202  3.46614815195629  -2.988737918967812
9.049636410690693  4.754084259332903  -2.494990627212921
7.668030158715198  8.220772162964378  -9.950540386808864
7.088408816890734  7.659954829880586  -10.4660545563662
8.085191965592799  8.792024309941652  -10.59542708341259
0.7761102217922817  -6.747344239670099  7.41603011174934
-0.06905702850432108  -6.793651396543442  7.862997455353307
1.033573075497831  -7.661189412515247  7.294244566509289
7.670958910721555  0.1834322849319162  -0.8307250345349301
8.224420532281131  0.4559550535383248  -1.562601673082535
8.28588749942198  -0.003109010604676561  -0.1212907416941951
6.961287396721183  -2.220868252318763  -9.989392215494664
7.870102838678259  -2.380429628998814  -9.734781729590548
6.583449375631088  -3.094514170842413  -10.09045199416892
12.00179044666269  -7.837540170785559  0.890046700564732
11.0523471647913  -7.954209272087676  0.8557303005403131
12.15401843162579  -7.344549686925897  1.696284173904871
-3.303848230728954  -10.35228672789994  10.29532608602101
-3.502931840927956  -11.24710453940078  10.57082316471874
-2.443064654850315  -10.41454703692417  9.881312644913367
-2.446403062749964  6.639367888341217  2.722612859441352
-3.117614715429954  7.249090500964495  2.416108221691055
-1.840247171504793  6.559656491252637  1.986098793938894
1.337874028045817  1.954934045130976  4.793102263928949
0.9579695603349579  2.819821200451513  4.638588044599859
1.101407435734811  1.446832247022499  4.017120335350871
6.454507898038369  5.970096694926723  0.4513879830336761
6.247838545884002  5.66590543326345  -0.4323468726825624
7.301792304283413  6.406579885956694  0.3629380034843526
-8.631386423704043  2.327759371149281  -6.323261883715595
-9.24601858058784  2.401968167188315  -7.053297640589741
-8.752226949813815  3.135891824859379  -5.824712643910731
5.724346953768628  -1.702544322433428  -0.2310730874958187
5.149285137935905  -1.282923684448008  0.4088130493659519
6.463944827920484  -1.101389787848764  -0.319617144881687
-1.379444171317535  -7.509232168378638  -8.173624499064877
-0.6949530991016548  -6.858825846488886  -8.330708643721808
-1.063998503379833  -8.300043316703427  -8.611052891221314
6.168931973405818  -2.684394340930801  8.242433118982589
6.09808848751292  -3.565564786731993  8.609518512253791
6.503075050682311  -2.819946218584607  7.35575057580678
-11.03325944788018  -0.7841140382309123  6.460803446351754
-11.21521750289592  -0.5925004686215085  5.540799453884095
-10.07800237945413  -0.7831984250973306  6.521753711934754
10.55746862743814  -10.59493200560991  10.18770114906412
10.3626670159775  -10.52355295767688  11.122147083128
10.39634466146581  -11.51500361447566  9.978562099270588
-4.870220569737882  -10.24982697795326  0.7348239235082685
-5.687077429170681  -9.807648730248046  0.9660275317282406
-4.318150868264778  -10.15533909587312  1.511047425378322
1.254192421336672  -5.548732495902947  1.035140114390328
0.8010781132663541  -5.796622364460301  1.841037053761967
0.5670192890774497  -5.188539375975349  0.4745280893160603
-1.228883424869327  -7.057120090157121  9.362868808981396
-1.294219382142982  -6.425741807486642  10.07933549826933
-2.068443432586844  -7.516802942731061  9.370775040121986
-3.762571165719842  -4.372465691904596  12.01729600478855
-4.533404920779887  -4.386068839921745  11.4499670733704
-4.118063231919039  -4.307456837893395  12.90365432949113
2.40737508730949  -2.130616511654119  -11.91732681955474
3.307400111443918  -2.121736875102293  -11.59158467001536
2.006593483363496  -1.349234252369766  -11.53647552204591
-3.395268784558307  -3.068622795198506  8.083451934537296
-3.333226753869494  -2.675978884111714  8.954206426638528
-2.518097083695671  -3.411039829581096  7.911544337932662
-4.258805564530411  1.304538927519352  3.454343129010288
-3.441761075454474  1.741316486685016  3.213728277681601
-4.85308844298484  1.489694336346948  2.727172464752024
-8.759706310127328  4.54298080166947  -4.87865187521416
-8.14732234246614  5.276582212293667  -4.933848672963015
-8.436620051132362  4.01508569866553  -4.148464317477727
4.217174031932007  -11.78033401860287  -0.5639344511081903
3.797113733244883  -12.22971596383202  0.1694392958782618
4.389486251965153  -12.47229318560037  -1.202474074025486
8.546041634434838  -2.220554056611496  3.93121862980528
8.965475337962427  -2.394215805166733  4.773921902276597
9.194455813268881  -2.489481352451033  3.280473670363096
6.161056624465044  11.99834737593816  -6.811347594490337
5.427257922151253  12.41122319566313  -7.266655031250415
6.171218151536245  11.09894825863485  -7.138776687824461
-6.852292246817883  -6.575184360763083  -10.39959245054109
-5.981599400005415  -6.926120877013911  -10.58659343468645
-7.135573667027896  -7.042276296465404  -9.613584434954957
2.667533211456823  4.4040952099475  -9.815368961913171
3.093545756760584  5.211581967645336  -10.10296292462179
3.235944788817575  4.066224128725098  -9.123282803117991
-10.37046459865389  6.102651619558582  7.583545001804027
-11.23520477602186  5.71388255599024  7.451958981050269
-10.42379749439293  6.521381783213561  8.442644816888144
-6.183388462127932  8.617104602617781  0.1493996487068356
-6.646227574475739  9.453509492384914  0.1987824033355858
-5.41700513664381  8.733393189930815  0.7109736891330609
10.10225769964267  -2.703410699901328  11.09507209212176
10.59680087236954  -2.403820197310359  10.33224549251571
9.605121902435933  -1.935067311048262  11.37567194233807
-5.266581448651325  4.058252610438809  -11.24296924787655
-4.700441116549813  4.108547011521508  -10.47278262270851
-5.9822604974108  4.665400808394779  -11.05480335063278
-0.4623998918917467  6.958842852472539  0.5730223137853252
0.06499839260131865  6.174705435621859  0.4206694306208928
0.02350917998548093  7.662255430925251  0.1425168453625445
-4.078908241673786  4.487169870282454  -8.767601105913132
-3.244738367441073  4.04903942369388  -8.598976752112513
-4.729043208334669  3.946158293197684  -8.319423865766886
3.326999421052592  -9.405006933559454  9.855151544346294
3.23485638849506  -8.524314965334952  10.21863903884363
2.546448345747077  -9.871124685027114  10.15466131147608
-10.63417494699778  4.032556083087385  10.34502518664768
-11.37122496246458  3.565490629945379  9.951529345269877
-10.68725967462558  4.915780500019084  9.979883459330274
-6.515871699090432  -11.06205190013189  -1.959322602919222
-5.666174254186952  -11.48800652625648  -2.072498345053119
-6.311902445604795  -10.12793880816669  -1.913923097946946
6.871500657874314  -2.777361919216138  -6.794507052223639
7.075519106759738  -3.711545786364004  -6.838197038204921
7.063988536445632  -2.531744781381014  -5.889602373152525
4.792191923472839  -1.999656442748269  -2.680752390831769
4.221231922304553  -1.243113212107788  -2.814464234876994
5.10866652202118  -1.905657809746715  -1.782287074045691
6.30163307899076  9.402795566927992  -7.738837973829052
5.383163070437479  9.201072121595915  -7.560085813026751
6.639902101877709  8.618505277800228  -8.170919737543974
-1.630448995243083  7.128670874976296  -8.463212226974548
-2.513973853180414  6.856788687370542  -8.214825952254046
-1.19765586835676  6.319191501361825  -8.7346253677999
1.371075736754607  -8.740096928723689  3.721062661622495
1.147169787362112  -8.740441646459251  4.651706442559288
2.326573321807774  -8.685602936395535  3.704133108831425
11.97074979299106  1.689246616902857  6.704225261028446
11.14473004476045  1.678436172659901  6.220689998789698
12.28251066355172  0.7850084474141839  6.666938099336588
9.673367841262035  0.8805508721186026  -5.752016543951871
9.024758617616053  0.6998472927948477  -6.432372429809369
10.33748027640809  0.2008662328049117  -5.866974382159639
-3.89763063379364  -2.040865637108586  10.70578114933537
-4.791748655277806  -2.060717841948326  10.36462034616443
-3.803195025884543  -2.867131399968184  11.17969954429899
7.865062200510715  -9.243123081239613  -8.173349137522806
8.219550069002988  -10.13139488863686  -8.134063169607559
8.421000512812897  -8.79071044287223  -8.807767956253826
11.5164413034091  2.185997623942644  -1.171090661734654
10.74879308557196  2.576616462777274  -0.7535203366408532
12.25573494343429  2.484613240977844  -0.6414629933854691
-4.916861482288027  -6.174252946090463  8.087358456764601
-5.317169874259414  -6.852909503317616  7.543841843725156
-4.600235240335578  -6.641615611903865  8.860373205337266
-9.982616883220205  -6.42329354453047  5.305685092518881
-10.3784997994559  -7.290634868091165  5.2206698875453
-9.963835747347312  -6.259435115421174  6.248568714258679
11.0592703719472  -11.18931138940247  -5.604859865971693
10.15803762896901  -11.49675532521007  -5.702274491768488
11.12445562315959  -10.92387923409836  -4.687511244151727
-0.7968800975428562  0.1815281582810379  -7.019511547904088
0.1263404750678485  -0.06222168090946036  -6.952566568981326
-1.271600767952019  -0.6407460688261931  -6.898114593570457
4.382560196335315  -3.607050075173748  -6.193995685128011
3.911693154928642  -3.70871027650999  -7.021148193908103
5.27287223886064  -3.368706204649376  -6.452391711254274
-8.098030953864914  2.049776269295481  -0.3587926405779717
-8.870939441539539  2.448332604774  0.04120380581931911
-8.445778696656461  1.337219788637913  -0.89504501517065
3.737943730170093  1.222834064197438  10.15532652654411
3.911857819905044  0.3937069789938897  9.709754976763907
2.791016446076914  1.226128901985256  10.29514677788085
7.553417475254724  -5.787517192665982  7.068165463690049
6.69841841588346  -5.990365285260039  6.688611646945694
7.934631498939225  -6.641737663177154  7.271180477681488
-6.041226558948817  -4.157403123248066  -2.682109742105141
-5.350865097627915  -4.421165542878557  -2.073782298442159
-5.796272429124772  -4.563250576351231  -3.513684849411642
10.03073358152783  -8.919430971288721  4.871883015657154
9.388232636166871  -9.347898125216243  4.306338788195212
9.872913236925726  -7.983460517126971  4.748254993890558
2.560914979822543  6.075800312962936  3.984138171019995
2.995105710966773  5.902888623133934  3.148786869764697
3.256297694658554  5.996087219087134  4.637070435938836
4.626607137729957  -4.432885163921735  3.022718070842548
5.35694334303035  -4.092825618904739  3.539632351038264
3.968337051219307  -3.738566970767292  3.051607166709503
-7.357841494669902  -3.912260867354695  0.0931613353848301
-6.583988349899654  -4.457301604294827  -0.04936496185520206
-7.867783640578899  -4.386539426771926  0.7498581420641708
-6.044238206896518  4.662547656942181  9.374208821946011
-6.738501472556323  4.612472590658899  8.717152625192563
-5.243582384960198  4.798246559788484  8.867486114179933
-12.04169076177569  -5.21250218797133  -7.339996908681793
-11.51252605891256  -5.244319636954962  -8.136993901890644
-12.93598587223518  -5.377079748185261  -7.638965673074106
1.083135394622843  1.122647095176144  10.66693908678941
0.932130284069606  1.901162993198454  10.1308959046545
1.163369891017433  1.457973609703885  11.55988387469232
6.375046101355645  -3.469183603504294  4.955791561359462
5.89621541938634  -2.759379123782295  5.383729195333609
7.158982383843784  -3.05000183158401  4.60087975951505
11.49587078453939  -6.085167832872115  3.091733027098247
11.97843892823566  -5.263730128393519  3.184468804177355
10.60913024529554  -5.816730448193747  2.851182769213185
-7.030394874019892  7.57051911982031  -7.51748986229709
-7.026949182843286  7.248363722389121  -6.6161376186552
-7.478062120556525  6.886317293422468  -8.015178255905145
8.619567871481415  7.139388370492565  -0.437670006424637
8.781319275839369  7.836010095530572  0.1985583294684596
9.351507367543235  6.53358209005532  -0.3215013157736692
10.07309762522673  -8.079084886004512  -9.612644229446445
10.0294136132514  -7.153267136703946  -9.373510287527333
10.90014757957251  -8.384468894227194  -9.239869739253658
3.947860153604285  -0.972089549109867  8.77918237657175
4.638144138031325  -1.474743689515748  8.346656451364536
3.309836983919723  -1.629662811392672  9.05623053064684
-1.937175077674861  -4.033145599657248  3.552495714629361
-1.673061404971741  -3.845525905790161  4.453203579791251
-2.255090943148293  -4.935629028673175  3.578668273387216
10.07220617287943  0.3806143234469437  1.625501995187206
10.61573460788331  0.2184915949627516  0.8544475864383352
9.66991660359734  1.233365353367389  1.460545566344764
-4.504473644499888  -7.785406452044183  -11.24688420129329
-3.830197050565161  -7.194080792732676  -10.91234439871131
-4.272011291201923  -8.64187656013544  -10.88820321734611
-11.06716697104082  -8.925188739678848  5.163473602302114
-11.06965500711024  -9.398928493723627  5.995216528400142
-11.97301743844229  -8.972248034076792  4.857774087223477
-12.02104642328947  -7.313759387524111  -11.93988882491081
-11.4768201433844  -6.72390333815297  -12.46153951002582
-12.60812794281663  -6.733230443001459  -11.45558182103714
8.00121690693191  -10.62940869668119  9.116075195911248
8.849542333872931  -10.62837815705043  9.559442704862237
8.100078712740405  -11.2684071684952  8.410285470588157
-0.05301173305466802  -10.50656023388956  -6.882166568101094
-0.1589477490415999  -9.939300741857755  -7.645858959850962
0.1526169227623073  -11.36656444380615  -7.248692767482062
-3.325435648756792  1.262891002950332  -9.27122060041342
-3.555581453903699  1.43561626246229  -8.358296324747684
-3.707859476921527  0.4052951302143672  -9.456997818387174
8.236803351906589  10.30507221049571  3.947725165607269
7.89558360883085  10.96286598180935  3.341830553189971
9.164092963900222  10.22954468104794  3.722644273961146
-8.456540427956634  -1.742480955241859  6.889525888856609
-7.798157028994705  -1.077607765590611  6.687766671832173
-8.519584507478124  -2.267646826208286  6.091742652626765
-2.897526833911005  9.073339994279086  5.689508717156739
-2.539523291832569  9.624527254231586  4.993622298029775
-3.228730187302422  9.692723738519438  6.339816302898351
10.41110014183367  5.522267694730632  0.8301680149100105
11.36391509608019  5.551675179232075  0.9168323260161768
10.08553303347203  5.98635369314084  1.601441043112499
-7.737423630510573  -5.375030276922297  7.040097735840823
-8.577933379190961  -5.358172014963808  7.497799605377065
-7.374987195715557  -6.239119266791027  7.23560192587448
-8.546686688049526  -3.499107775999357  4.767926385629829
-7.882041802791798  -3.185055973973413  4.15485992745013
-8.115961909157562  -4.207132514513134  5.246892954923518
-5.426998090401693  8.607575565179673  -10.329115526471
-5.5309453462955  9.241208367637501  -11.03900022108104
-4.500061009227795  8.370015131074751  -10.35329253399251
-8.654584998190739  8.903989960913492  9.391217046927721
-7.988287660245069  8.327975328147662  9.766032788707809
-9.431680859219354  8.351038555568046  9.309985242203888
-1.773401229973718  10.43203537871205  8.661627849836954
-1.042805499424943  10.23261922134692  8.076226351132323
-1.386185366499172  10.43285585956261  9.537010647180399
-8.738645490610281  -1.885446183864309  -5.908064199891001
-8.929978189651752  -2.561799025500141  -5.258317732498801
-9.084385130574011  -1.079498093908374  -5.524471163387298
5.81186584843049  -6.731847297229085  2.043850138668336
5.503682836868502  -5.899812604090293  2.402978723994011
6.198328540751763  -6.500265560399996  1.19930983376216
2.750365804573484  1.469517007986785  -1.578275732851837
2.570884116695783  0.9600748606552719  -0.7880309212656877
3.565667525728896  1.932441570280419  -1.385361780255687
3.181960079380716  4.169708976005101  -4.807894028091885
3.273413031703593  4.807926483573475  -4.100400840460625
2.237789061537922  4.103212025264892  -4.950551255767023
-2.768061357519648  1.883419459687954  11.98529181833391
-2.36261829180659  1.019838097876569  11.90734958333137
-3.344036864789274  1.810323187844007  12.74630495229942
5.534352867015605  -10.8557121812925  10.58475607144601
6.207337233632752  -10.74698095262647  9.912817530951651
4.814980055014494  -10.29358585468944  10.29709552445815
9.655694969952476  -5.452367342458297  -8.339317744132648
8.728999812857019  -5.628436356092316  -8.176628997583398
9.702977356423176  -4.50335067533294  -8.454918701948381
-6.804960246875712  -7.904845025053532  7.067711261545994
-7.320307957282182  -8.555300878552185  7.544739311065254
-6.602124610512089  -8.325249615024832  6.232038164365029
-4.104059710524796  -10.44477386229083  -10.42006204836347
-4.853105283835149  -10.57708806586584  -11.00114338573069
-4.493162904867956  -10.25777320588514  -9.565742846509858
9.418639861122713  -2.757272692251285  -8.738532308156275
10.27004227978735  -2.518733966427559  -9.105199783908365
9.256215486610527  -2.100185117835038  -8.061711739532583
0.3921679103507897  3.577235126727661  9.466465832518431
-0.3343951984767571  3.626705491751081  8.845264921479739
0.5712422733899305  4.488236870656396  9.699360733838592
-3.372603550286723  7.630465446451814  -4.959716541515859
-3.937844890651681  8.187043223931459  -4.42403450452167
-3.848473082692069  7.527661497373644  -5.783859354493228
7.480123221536271  6.743295812160193  -5.891821585425818
8.28412065566253  7.015902202507848  -6.333981875207717
6.859249488453189  6.580139926401656  -6.601841165796548
11.11738664352995  8.570608012460728  -9.879299281766327
10.49881763489933  7.954610585187434  -9.48667810155006
11.97508398057899  8.166984452229213  -9.746351398575102
-6.089184630057705  -0.2420195565689714  6.338862062360017
-5.564450345182404  -1.002972476291839  6.090192755364463
-5.461874112589618  0.479960845540111  6.377041292896094
-2.193216753349937  -2.148869096592656  -6.619975087764536
-2.902994970523388  -2.125334146882776  -5.978186315216877
-1.627783021312992  -2.863232778752363  -6.326374910165822
0.9258161740290306  7.318972805689375  -4.174060551577069
0.2079467848608322  7.081458320827558  -3.587134449264263
0.4992528097941626  7.760234927134653  -4.908610261583305
2.435737829237119  9.052386241541285  -9.464700036440695
2.669057668941471  8.984483242835161  -8.538858324717221
1.483364809707936  8.957567713367222  -9.479763846973613
-4.402790794175178  -4.977418037752117  -0.7219572600751017
-4.709766004100453  -5.488220807399121  0.02709453453744906
-3.979690104490396  -4.211864736368745  -0.3331825320779204
-4.994482617364814  4.997398644861411  -1.902908983780979
-5.484194376184217  5.760388475667527  -2.209928122207984
-4.99674166661994  5.078651558351432  -0.9491665129085496
-0.7933522574661898  -9.601353516559373  -1.629972597019598
0.07622668693567188  -9.845933644807364  -1.31335790955368
-1.020451553603702  -8.818987506404527  -1.12741794740601
1.431560782426159  2.055047389374827  -10.94148500857321
1.827021630247768  2.848741369977808  -10.58107909436701
0.6910924930000352  1.871967962061357  -10.36319401292403
4.471408151648345  -8.98695876652881  7.159745889752648
4.565687954014507  -8.038242209894234  7.074422657082828
4.275772072843243  -9.126318665177772  8.08631870573546
3.635489815819549  8.959947768437242  -7.004127131469334
3.261511342343237  9.718422095072906  -6.55569805434464
3.618846085111969  8.261824641878315  -6.349467734231562
0.02401815788121764  8.4542063889094  3.122773751902377
0.4623372815132161  8.956833394062082  2.436133904857565
-0.4994202442716429  7.807348231331205  2.649679043491679
-1.057918709979837  6.625896506105156  -2.583629719893661
-0.4455963397877411  6.295268604266345  -1.926379124239309
-1.786563854211477  6.981970268419909  -2.075181522356616
-10.04237850023591  0.5287587651045977  -4.59040584887136
-10.85745394488769  0.2226399246710951  -4.988118201027229
-9.91293893602904  1.40523578016051  -4.952711357105247
2.772918996503445  -5.613036804542627  -11.06330371012932
2.630194209985738  -6.018724883650398  -10.20815538511001
2.00350893255381  -5.059742218694851  -11.19785888381118
5.286145915197374  -0.4148778302930556  -9.118623716699588
4.711098496447409  -0.1666201772069101  -9.842447206145158
5.840942812470736  -1.106530772950009  -9.47924602561825
-8.279404388452015  4.35591657992221  7.782159184181974
-9.013428851660233  4.970266259099348  7.778364568676591
-8.622491856307544  3.574759393378229  8.216113420606938
1.306898621479185  -6.65299787044053  -8.573087818383934
1.818474124348872  -6.785952433734677  -7.775061860809314
1.605539202107424  -7.34160599455232  -9.167111803597724
-5.381262124009355  -11.09773516480016  8.395469208861048
-4.711192410319162  -10.85353634153553  9.033908989507047
-5.083976929420835  -11.9372986919434  8.044774987395574
7.61403379062553  4.942161029953729  11.69451001144248
7.630448901612797  4.112658831352646  12.17188668310464
8.393759571989673  5.408196367787919  11.99628908587583
10.28235510392046  -5.246545333560372  -11.05168190294855
9.664148851448092  -5.273874668058588  -11.78195991636532
9.731174337900033  -5.272851010748671  -10.2695440541541
1.742743354487394  -9.214554693801388  6.635618912319535
2.61140872932068  -9.432433914710758  6.973525632675424
1.302089200665866  -10.05932854601134  6.543897075540138
0.9008046042663139  10.59983681404223  -3.124404723260176
0.9133893082517491  11.55012049930162  -3.238572944562865
0.1175609649424174  10.31212635073051  -3.5934291690619
0.2346294316599387  3.426019661979511  1.095156071558245
0.6910783779408741  2.905522748850629  1.756192502371502
0.2831199368004186  2.89788632227734  0.2983150043395354
7.642196951756735  -5.601964176959424  4.058737473489969
7.018336939744615  -6.327213966705663  4.026437815824997
7.183653510675047  -4.912149303792504  4.538451131205352
7.005497331776069  -0.5866278206878576  2.374929908401981
7.635350140299773  -1.032168588308099  2.941507973617331
7.135528577477317  0.3440914398364306  2.556823759948712
8.459719817630846  1.181305379501996  -3.300521454356379
9.165534963681056  1.069078104565936  -3.937280324232997
7.669332869651842  0.9117819957241131  -3.768364866259715
8.987577939858282  -5.326182246060779  1.782565166086894
8.685120920072084  -4.622935506403484  1.207938666225082
8.278062760813885  -5.44151393355432  2.414640045009866
-6.356332766248166  11.28613792044155  5.178093406491167
-5.963427988435922  10.41509696018898  5.122010243825425
-6.927035570301232  11.24303330273424  5.945343132055323
-6.350463380330508  -1.939232898219797  9.38599592567088
-6.51243279989901  -1.75026882966454  8.461717651599869
-6.435907514771406  -2.890103696431529  9.455103559097518
-10.59376142315148  -2.793704174779444  8.835751862096368
-10.11345581164841  -2.396413925202956  8.109323051303383
-10.66716671877229  -3.717983514528575  8.597946890138811
-3.881795217319735  11.15529134252371  10.70373196197866
-4.406866955553107  10.39071675575829  10.46717919623482
-3.281094468343056  10.83501524366128  11.37664627351938
-2.067718348766578  -0.7872612579079491  5.668725141280418
-2.437493514902678  -0.2185952227783219  6.344089566608678
-2.81254704045633  -1.014470469768501  5.112094173689286
5.679536905687264  8.12559382383734  5.392472874147207
4.875042357994857  8.457513643575611  4.993913473307002
6.27266861696216  7.98495142212415  4.654471296967009
-0.9941125202428807  -3.630596409675222  0.1549291973614724
-0.1577163858668678  -3.175093838236336  0.05906077809096755
-1.01101698726411  -3.91129992249036  1.069889096421519
-4.135299852622711  10.4980513459379  7.426592468810674
-3.317945406707689  10.62719693685843  7.907721314431818
-4.555211707008374  9.756021245656688  7.861675454944416
-2.577846095121346  -9.925486060619466  2.239652882983642
-2.394192567507764  -10.14633096832333  3.152741459484498
-1.721870427095378  -9.943252274522605  1.811608659344256
-2.206365378768225  10.19602271705379  -11.44369942663496
-2.293839147296892  9.264502615831981  -11.24158440779888
-2.260307234333508  10.63219232104956  -10.59335938125997
0.8485914218776879  -8.066627999117539  11.55440134491058
0.9610237480984914  -7.251109800980223  11.0660153494854
-0.09972617145340296  -8.17129223917493  11.63167345522172
-2.550674479513265  4.370668677346623  -3.245393321922118
-2.076115614990013  5.201913671245341  -3.252975156839952
-3.259517865255336  4.504735141359517  -2.616267676508743
10.66401368993533  7.702468998470981  6.993428241512573
9.751688686170429  7.857307258519613  6.748642537823657
11.16156324820375  7.893533414497932  6.198336632957189
-6.989619795499491  6.966072427031884  10.43696363378236
-6.87100165832419  6.794778842172626  11.37121204042758
-6.637707141259307  6.188402110986493  10.00381446394882
-6.917512384776694  11.17709829510704  -0.06311429005782973
-6.588601130519621  11.59164458394072  0.7345075509403107
-7.133197757753522  11.90816218496329  -0.6421283216944559
12.06449160128661  3.76881611386364  -3.528230485585182
12.59621006632712  4.443552892687746  -3.106048542298837
11.92162400393177  3.113591152556486  -2.845221745007072
-9.186553189627178  7.479241873467597  -3.561045596467729
-9.491966325528869  8.372034882502181  -3.721903606643377
-9.273253999534907  7.039861370662512  -4.407012252616833
1.102220239640513  6.57486187797594  7.739455653433136
0.5729242861129173  6.972648888470847  7.048193671359162
1.296455674615249  5.694909034536174  7.416674877793623
-2.832029811472026  7.505936857545391  -10.91618198123684
-2.401307833665513  7.210402290602503  -10.11407866022618
-2.910528803997  6.716236188312691  -11.45138530819397
5.974973278208173  5.566836350484429  -2.140092564831781
6.108395503121156  6.336771183265913  -2.692931332619476
6.564502119163467  4.905766721169327  -2.502962418745136
0.4450153291526192  -0.3937670314225981  6.393713611148953
0.8274139841767469  0.3377859483868866  5.909117545989936
-0.4222913986079935  -0.5111675153852753  6.006121033373645
-9.556198423592761  -2.122645587223662  1.603109528873294
-9.880301618913096  -2.023203596176101  0.7079557715781328
-8.641268166983435  -1.844763500464904  1.559337261404141
-2.620968431051957  7.697573346503879  8.68568525100622
-1.953825233801715  7.184708046573378  9.141888033209399
-2.215915463546884  8.554696988856788  8.553386365013109
-11.39294340625049  8.718915581457043  0.5560208394545344
-10.85629173787027  9.379605110279799  0.1181553654460329
-11.79294817800089  9.183373557115335  1.29121252291152
-4.350592000981063  6.993372917489749  -7.473889646685609
-4.395516005932367  6.13951409413966  -7.904167212410731
-5.036599137153956  7.510948460306805  -7.895483772116094
-10.61352462120397  3.146877101830654  0.5237853431890444
-10.77854504711675  2.679378179510077  1.342592314740134
-10.79569277041048  4.063682938536184  0.7299737599280725
-11.86212736736964  10.36186776241246  11.69785461174978
-12.54602930280238  10.48264315735602  11.03912607381661
-12.02664582785556  9.490220930006084  12.05757299564929
8.363588226690208  -0.5167100087545765  -7.656049745718476
7.877661232122672  -1.141871570697732  -7.118202353404117
7.71635045892064  -0.178610500264923  -8.274922781430746
-2.000561560964202  -7.519030559746807  -0.6010165841229422
-2.090599640246191  -6.694436831251291  -1.078688194337609
-2.005084456553437  -7.263712490791819  0.3214930727807591
-7.856219060870344  -7.473021393344957  -7.209552864368642
-8.038140679786848  -7.114413023286914  -6.340912316446135
-6.91722149997072  -7.335274831427379  -7.334217636074381
-12.01511433109003  7.516372501035467  -1.847671020473758
-11.78139563530804  8.080899764995007  -1.110842424741805
-11.27676935143752  6.912984061395398  -1.931342532535196
8.913391783179284  -10.07862294470521  -2.508132819176694
8.116305691578621  -9.674001252429381  -2.165836326766067
8.601811658109114  -10.71955766080367  -3.147157353417011
-5.239912390433218  -6.948133482649618  -7.324736321003116
-4.830471608078958  -6.414946238247292  -6.643339631730424
-4.872074030473319  -6.615271930276733  -8.143350984867578
1.024609029669428  5.374068425220059  -1.12433992848777
0.9771802201188868  4.453674062185049  -1.382906292344316
1.864752764201113  5.677093026762873  -1.468674701908889
-6.200217284188438  1.818776497354259  1.564410321461063
-6.609690637720971  1.539104392878099  2.383157490448351
-6.934779579447063  1.992112672590485  0.9756789355652072
0.1287404929253483  -11.38273172210435  6.218567150807613
-0.009146793366727912  -12.329813439246  6.234540795821387
-0.6362626046889994  -11.03655283979286  5.75904317745908
-1.276601144142118  3.033882069002633  7.237838790863543
-1.57359291974774  3.721101339709275  6.641384769842602
-2.019447688521694  2.433548889706108  7.301170657558362
3.752159794714072  -6.288944864671968  4.553335159363938
4.04430290852418  -5.610706121775926  3.944338896084653
3.817928560450004  -7.10349569143789  4.054924425060868
-4.539775842521  0.9696222272407857  -0.9665649171658431
-4.848081898245191  1.204186256255365  -0.09125986617148252
-3.628557412828238  1.26205805397685  -0.9864168850645407
1.298671195476598  7.945971756717316  11.44499701525475
2.10333403023768  8.265758634415715  11.03697015926832
0.7121650486625912  8.702438398813122  11.44422297024163
-10.30087893603554  -9.651676287025014  -11.86758759317957
-10.59243236253283  -8.754014041700913  -12.02705838303584
-9.959367784462261  -9.94662674095313  -12.71174765091667
0.3459662303880944  3.7867055082384  -4.95595368907205
-0.4503542772778172  4.308159602091617  -5.056904751842209
0.6103300549640096  3.576500112403384  -5.851586035415927
-8.821796362281592  3.651587700922803  2.499759982644159
-9.593322898222597  3.140589429307961  2.744421812003616
-9.068390429983824  4.081320705966651  1.680765019198077
0.8347384298247841  -1.97585492610331  -3.453745326312305
0.09860728287074075  -1.364819836955826  -3.422458039522762
1.609341382383394  -1.415943283361451  -3.505909089688786
-1.045331380153419  -4.27178451226224  -5.438391179129176
-0.08937968560232652  -4.288632553656632  -5.392518080410342
-1.30657756733729  -5.187166584180777  -5.338101936974211
0.4767949563070973  -3.990137089985416  -11.22547446986537
0.8209406445447553  -3.101242857446961  -11.31301091157566
0.07347135985385628  -4.006943749749315  -10.35755773841493
-2.194692138982956  10.38158751629819  3.30813672672007
-1.455923865454164  9.776020087610386  3.246970009138319
-2.018678266154528  11.04322538873416  2.639192571853359
-7.128343963296935  4.376682721807081  5.018528546440534
-7.493533869024309  3.755942508420055  4.388013074593045
-7.750812632814168  4.374347606477981  5.745686811679845
11.90819430527386  -11.54395943478371  2.086663445065878
12.16309063486208  -11.57335064729197  1.164494340297264
11.35530159271824  -10.76586422504434  2.158143043438644
-6.200838929671841  -2.886048921803889  -6.659268792559884
-6.236647552564319  -2.938785572280117  -7.614343882918277
-7.047960018531978  -2.51846049902856  -6.407283768699413
-6.527982440954365  10.80189041096067  -11.68236462273143
-6.458710307665504  11.75336226609249  -11.76068780219718
-7.434556631869806  10.6069222941722  -11.91973039491008
10.1591134036635  9.75681592066177  -2.816645788756127
10.72068512902536  9.020362673502774  -2.574766372469688
9.967819389515997  9.618212370733966  -3.744238100118584
