Veloc: 2 Rank: 0
-5.249980471788377  -3.399556039524874  -2.518677772749542
5.668982631665521  12.88312615601913  -4.601208720233455
-21.37917622260471  -9.728695910304872  14.13259310011455
4.869963506376433  7.150062209146792  7.399357752706226
-7.680587052255209  -15.87488541918492  5.100654398567499
3.748855056342329  3.443289616536527  5.722846943661915
3.269719531856085  1.202697974964515  -1.633343122416501
-19.16932323744039  3.722837317279898  -17.57741434641251
-5.967878169775835  4.987707185515907  6.298661617774885
0.8953113256720089  4.528087493729254  4.75113661841718
22.69171208825495  -27.42939499769668  17.81310821821146
33.96091708624736  -4.752625019067529  8.383883356144107
-2.610104246935668  1.687963777215777  7.184655653417993
-10.98003692809555  -4.940935820017857  3.79679199689403
3.957480961550182  -1.806834357599186  4.851967863967023
1.718199925910577  4.570087560016237  -3.526135982018889
5.007335953609021  -0.9157263183931634  3.457394067930086
0.3898205901333793  3.387784457651944  -14.90177560733904
-2.110782799242425  1.776784487465343  -3.264406858240001
-0.6379612127002912  13.78642772367392  2.110378898061128
7.734541274158509  -3.730569491543706  -15.04673957164911
-1.333360734571933  -4.612373228715481  0.117945598922278
4.758816360230199  5.504441324446562  -11.60385474679635
7.406620891116443  -4.515817653678061  12.96086265785791
-4.872850880296393  3.609630296533413  1.552557867915871
-0.5618772554916922  2.711201578422542  -1.259770789002328
-3.809368155656176  3.477921187870852  3.53822146251883
0.8132838707962757  -4.26344155500592  -3.710694108603132
2.204745305492752  1.428063035542255  -21.97327584535934
4.250670552701323  -1.725933726825549  -9.522244468151117
-4.72098688059221  8.438128211168884  10.02372405118435
18.85951176309607  19.95626697042822  14.98889866146651
-3.412784453007165  5.869308193588654  -17.84650557747796
-4.296038251116628  3.467332177679305  0.08106800424851282
-12.9007216385481  5.830459201772438  -2.974083538193527
-29.10024178481136  4.289749191169664  13.58924821198012
-1.20624602861508  -1.515768743607405  -2.346552726974944
-20.82112293271743  -4.396918252510029  12.08218759765031
-9.232285576902152  6.672823570377973  4.283737620348466
-1.534922244784267  3.438420227879265  -3.859497312625346
6.992739697909857  0.6855174816779271  -16.38204322303434
-16.51527871911426  15.69483806306885  -2.213670742259747
0.9298513389857558  -3.437091599257188  -6.623502602867181
3.924548234177688  -9.309681704709156  -1.907251606204357
0.6264225621807796  -3.875733086314026  -7.384112497755196
3.475567359081616  1.491784439313979  -0.2399385081573404
1.02458857984119  -1.498733188859269  4.403849110780713
9.704448017282354  -3.364796694622667  -0.8908181704024908
5.277424182167085  2.550694061136212  -0.8478555080848481
-6.395990211373977  0.02387065627332018  1.483975409653272
13.56008499353358  -8.012229155877373  0.5720969310676518
8.536731949760114  -0.4168746295277286  4.647308840720684
-32.9835411198906  0.2436172737590707  7.981524138928144
-7.475041529132911  -2.505584621818568  1.886208431774295
-2.743568954876637  2.911550757241349  -5.500428615839802
-4.650555188208016  2.740858963319921  -15.91461102166294
-3.267342306252475  14.79540075889324  -3.042193145026129
4.38672161967883  0.9613524887484385  -0.7425198717816408
6.279094498983951  4.95164469416643  13.66291141433697
-0.4514246129942476  -23.15859085548848  -3.81947435430423
-2.46774369741594  0.5048364081725667  2.929579386399269
-24.32409829363396  -23.66537510699399  -2.651514916931223
10.70509303641385  7.088700855420364  -25.72833733163788
-2.268830567243986  -0.0005585410580067705  -0.420794397516633
-14.99710890347172  9.21607642096529  10.25467226875657
-5.224548824408462  5.923755262917559  4.42781299142831
3.885299728188286  -2.094337992740217  -2.453553967728409
7.932806240855335  -5.831064063289533  16.69031293008244
3.635587874350598  -9.459953963563219  -6.077406130459541
1.161564641749685  4.982529205231805  -6.334229001916905
-2.728775680267396  16.27109144998468  -1.457922970985559
-20.29919392531002  -7.443842882788787  -12.72589405618493
-1.708830010821423  2.277575836548591  -4.11939296489737
8.564424654460019  2.480024180595028  5.64525616075117
-4.360690757609942  14.09354184545013  -0.1577271040499205
0.2477782635013241  -6.177515417165938  -5.011165130712677
-28.92888458610952  -22.62175235953874  3.86972263079605
11.21421120105595  1.545031084050921  -23.74166572276862
-4.396265761939784  -5.193244274079418  -2.513813204768738
-8.110804123248831  -18.57875802641168  -8.140274920072033
1.847669473290604  -3.203410995699561  -5.264408237673166
4.406743496599492  -1.054056727396008  3.417417742831175
-0.7712145273646419  -17.36980503104957  -3.158484025310902
-4.684978338021754  -11.94571949311854  -22.84414097014849
-3.506291575286672  -3.626084004390678  -1.633414819946412
9.818492105122731  -0.3780109095416109  -3.150353071737492
-22.83841997914605  -6.237505866909651  -3.940102404875662
-1.149096409533907  -2.27417432079486  6.748437671067888
-1.872312686823215  -10.19080539627663  6.308991621971746
-2.877125555635276  -5.877142469861042  8.924123771389096
-2.157617808585392  1.550332338964346  -4.168741220822326
6.515274092690453  2.729629979898208  -6.045232517729739
-0.5309685325146483  -17.64619530154389  -7.981732515509291
-1.160237549725173  -4.653712875931521  1.227298350538619
-4.074491315593373  19.97239049327759  1.201118906460424
-17.61885900998206  3.443316957457954  8.329413289909994
-9.075909189548497  -6.948449387966417  -2.576229347117802
-5.587353773405899  -17.69837420047884  -1.894144046969183
-17.2785893615366  -8.021634518850721  -10.51896015201796
4.351454970838397  2.948360258214135  -1.098302094755703
1.143235507311676  5.534632931713009  9.508759712239668
-10.57159358858083  17.78896796362892  4.651485961637308
6.12773055543638  3.993366943625093  2.714459641064004
3.440069386910699  -0.4126665180635216  1.531334370925318
2.236878529774235  -18.367089169924  -6.542400266875735
-2.844284313947246  -3.758452806477754  2.067777807424525
2.071942222373283  -6.014289005112129  1.592517867457492
-1.814226115668832  -12.50112592497743  15.22735256971404
2.634338522718466  -0.7624623916810234  -1.43990162969772
17.45045646558551  8.42424866757398  -0.3983719597194325
14.0431627345916  -7.419968300349855  -0.6272704793304291
-4.119140580624467  -1.717857703358054  -1.820830749344063
7.844381351421733  19.71777498325304  -12.04135221076036
-1.873921913750926  -8.66060805046844  20.12405010437475
7.784926580670419  -3.823403782006714  -6.851858479936413
6.804181511648846  -13.54613443730221  3.568708970536755
9.154495791108431  -0.7326437855716612  -7.533672161256785
-4.893409409069905  1.618328711580172  5.601971835882193
-12.78789240111889  -1.17783379575243  24.81613557190271
14.68610099612516  -9.712944985856611  6.499751126044046
-8.114887282534712  -0.6968882853330559  -2.155156743545614
-5.787886945712977  -3.929197243810612  -10.47702794613816
-13.06058335783962  -5.677018964089668  -12.75849192398533
2.02215556503731  1.468914683298169  -2.681846625171568
-0.2580187194936497  11.23285199880092  -8.158815942166179
7.653722272773749  -19.11669082571795  8.256290998723205
-2.71437749254593  -4.726217718029964  2.513994609485762
-9.053203426919891  7.757208133128983  -5.312213289074617
0.3308039773470042  -14.86376771298862  -8.674426633928514
-1.287115217937444  2.429458520175837  7.372640979755172
16.12990198014195  10.49681640354823  -0.5440441127126641
7.968134514288167  0.8255884045735459  7.741670306834326
-5.430615242996363  2.933576525612874  3.055871574664983
19.05319641637918  10.48012560723171  4.197384116444796
-15.63692628259839  -0.8974906553932404  2.793600636681149
2.990023039170011  5.713182330405834  0.1997279938299036
-2.273952219592215  2.902258523790599  -4.106559635062984
-0.4817610100255426  11.73583695945292  3.436928285360308
3.714536330313672  -3.018610414602512  -2.440150681958293
3.691306052194158  0.2135560201539145  3.024928294269207
7.884779151966306  -6.79339094644681  -7.80203333200406
-1.065275511942237  0.33983739097093  -1.100984248097748
-9.744971960438521  5.740497850614418  -8.864217768304554
3.093047115689355  4.437317963129717  15.50308315113722
-0.327431505684519  -3.561208347623794  -0.02196597189677194
11.49153175955757  0.3718565743052036  -12.8061844230172
-7.703599033592301  -5.774912872004323  -7.411735015863625
-0.04586989645495702  -1.498676522971367  6.308799395749614
-5.928607355686867  -12.83274167915003  -0.7632573335443265
12.51269216930536  0.2187193299453485  12.89154397044738
4.679512726339198  -1.27150515103793  -0.2794220895532156
-0.8681967129035426  -18.90848265420536  4.656961181281286
0.4452013443494078  6.200684037951059  -10.48257579820209
1.728843902867941  2.629699729864181  -0.3585510026141452
-15.31031314138669  4.924455014077847  4.764155520892255
-9.899975828330009  1.220166973679517  0.7984807537071972
5.077014549521433  -0.30697322365755  4.842815010707755
10.11950229765452  5.70100533511256  11.92721971979648
-5.397816952088824  -1.054016667489952  4.593914158968603
2.221245721267928  -1.514599945218935  0.381487648216393
21.01562553732453  4.498866840424714  4.520520184664461
2.506858869254935  -20.06281122933981  -7.04429504125892
-5.46781496157874  -3.516110852662008  1.424836283531141
2.000081849639835  8.346404653265642  7.947339436985592
11.04749812801568  -22.64256167900902  2.307240065822587
-1.862738327562251  -1.373857810840689  -0.005713616963033262
-2.041692587356391  -4.86914773717506  0.7076985329188944
-2.042683083288119  -2.476267225529852  1.822376238381201
1.677864569045313  4.682398116686487  1.430438780969166
8.686755436847884  8.025236808192066  -8.62836469315921
11.60402006228163  -4.035877250709546  9.739912657362805
-4.666527496360998  1.089359678694095  0.2692490289139693
-5.039745716164046  5.902365303677295  -16.70981916804935
1.205751140119935  -0.8806450544294494  -18.02161761835022
-5.999145500620002  -3.935227322726408  5.353426538647186
18.86578579551193  -11.13199474634077  6.759475390313921
-5.240444702661174  -14.30938213226008  4.11553371024627
-4.07759682817025  1.409104632565321  -1.122067798862301
-9.869801195699475  -1.975044159347811  -2.339417119795939
-3.146120684782317  5.506586797626266  -1.070193695128655
0.7868872522430037  -4.639865916253425  6.577097257093024
-17.45742768125427  1.034014811217933  31.19753340281911
18.59462049374894  -19.89880049030073  -0.4853386010700028
1.79291606494245  -2.694721818534157  -8.962626466386581
-8.950889953766749  13.67908916824481  -14.68023153788475
-6.171247322089792  -4.770929223297872  -12.44433842987877
-5.812532592808227  7.820456402198508  -0.4089800203067162
0.3109619570136226  18.68293467875572  0.4757828325000354
3.778415021717442  10.07032870386853  -6.233085106775666
-1.606928421867086  -0.9870092503164057  1.958464992973131
-6.069441374848072  -4.142973763103846  -6.926074429983412
3.697100491284628  1.513250896442303  15.46444797658699
-0.8367350168919687  1.153157963418437  2.952177790135937
0.7625078581269175  0.2389007997285189  11.22540569291921
-8.187763744413495  -3.025820827545413  -8.960641945374348
1.18035491190681  -2.46084057622112  0.7732445282624526
-8.377824427583043  13.94446175137463  9.974129500694195
-5.673681342352231  -18.85323600921564  11.50737340977614
1.565016103594074  2.616675952150865  2.713523710382865
13.84833759334537  7.156891540826441  -18.34574460316163
-13.86107324325324  0.9441236177681803  -13.36898819973222
1.953013096970718  4.270072749948286  -3.19904592368166
4.001974773766238  -2.865004649908063  4.333747128565828
1.046627440122719  0.3206180547813789  -1.997199632886746
-3.009853838921534  2.326759714211938  -5.696620593187856
-2.624303956874489  4.243589681075514  -4.251905135992404
-2.72494271596437  -0.05059045184644581  -4.063142941066811
4.850689200431465  -4.105966118466839  -2.604588399066295
1.000687673902592  -5.568408076109033  -0.5946035654498932
-30.50311204938812  5.943338637927428  -2.210855680666883
-6.270674655460711  -0.1840389371257328  1.148568652352535
14.73486057049787  -7.190686307669089  17.62866746623356
5.253200864793043  15.97272768853234  -19.07078347218732
-5.971888871074735  -1.467111539337537  -0.497652043311751
-25.09049290332588  20.64262802801801  27.45759540815989
-13.28212302899542  -9.121964768232223  1.446407111319804
3.085588569262127  4.460545624278623  3.09826065771663
5.192216033602534  -11.34283645600155  5.269576828234968
18.32472652056894  6.513450604448824  -3.480094375737433
2.379996970938702  0.6059485683331959  -9.169583586598016
-10.56201979871576  11.14578426126604  -26.86287741253925
11.0498392480201  4.898305320785231  -10.28072810821446
-0.9789566749504099  4.839685280721321  -2.425756970856623
4.215505344160885  9.225107575606446  18.83175015265646
0.9469975903132898  -3.469705616366028  -4.383803993831737
0.5396685084853025  1.068953984914618  4.018412801309859
-8.344355464843749  9.681952345337706  -15.45883959899446
-5.762215475980945  1.420337227456035  -3.785068518680887
5.749698740971922  -1.745151673124827  1.353322214925555
-8.060854440555044  2.902583644072316  1.738203040840408
1.292565620701505  -16.42899535985319  -0.9350649919916663
-4.292494469671638  2.05757646538388  -1.529247031781191
-4.562642991262341  -1.828604265201191  -15.64194456380943
-18.19563511540031  -1.650877535918045  -4.516017355391309
0.7368231045315135  0.2276929942525745  0.2915948767191575
-23.38177438201703  9.089331647817319  21.39213138068944
29.44140871931766  12.0066122391278  7.997075619248402
-5.964687697004162  1.632625383248746  -4.084984214962882
26.0382720368112  -2.397992883321726  7.028027901186673
-6.797060502428926  3.697507076115609  -5.426445543278805
0.6123670527190821  0.4499510865998241  -3.144335058192941
-9.653180040984974  17.23809991765381  -10.393389165752
-2.084703803439049  -5.697086965162702  12.94876455961952
-1.949580277684876  1.147590283778673  3.760350629212462
2.293528927043735  -1.133733955018928  -12.57886863262609
-16.91999171602007  -5.902837907958288  -8.00693867190448
0.6892454950252968  1.591902436323195  -2.799393562602313
-0.8119644761801226  -7.550152554396138  3.400936755242443
-7.17450262250108  -14.81733130199228  1.138981814515161
1.815296573484573  -0.2709292290070655  -0.02598050020785913
17.57596424378628  13.87265122676849  -6.257671223880479
-11.3255355288129  -13.94804381436628  6.394115495351304
2.847459442040766  -3.316259101660912  -6.703682868210106
2.982426572008994  1.371188246393802  -9.423038850724554
4.907680268436318  4.928017189556075  -13.39839682797806
-11.30011218618614  0.6974857453596959  4.01510502274748
-8.07519987787534  8.395363461058976  8.491979065359041
-20.93476718489003  -4.267128582702853  -1.774821544923391
7.861901104870142  0.2680982773105297  -1.94192175933095
6.329874534749677  3.525876766430835  12.47420016685219
8.291010424492748  2.242034727442429  -0.2659280396165579
-0.6465388930621818  5.092910772053197  -1.516872386701911
6.686027913075675  10.62279227123762  7.109791770393785
-12.80314243538739  8.736273186898272  -7.13006169136982
-3.333404043930093  5.602392296810931  -4.055942757284008
9.552198131904653  -14.62511844613159  -3.564467954863062
-0.8968132666562593  15.89456906384603  13.93871600763268
-2.507922585316862  10.20108327299629  -8.154236958039574
-16.85004719052189  -6.908707638925222  -20.17028130585522
-6.223087842746838  -5.935651107011568  -11.36016342127773
-0.2767799395943973  7.751990823763348  2.662144719595117
-3.088396014273319  5.8118291972177  15.48887408165263
-1.428389987118127  7.725560112221776  5.694371494412532
-0.01296159074096266  3.287905012497207  -2.595216464315111
1.33804225045833  1.235805768688303  0.6328070952321501
0.342832212556595  -23.15876609170778  4.938338901430022
3.599028418204074  1.918403186224546  0.8842548920477357
3.396579740175057  -0.03881662762700441  2.744312538796425
2.099087203747413  1.517114934379493  2.151353150578233
5.137156453652989  -0.6426102081963303  3.058597312763926
-5.933139078353595  -4.375523800723089  -0.3670812703687607
-21.45701638365146  -4.905862187876328  -5.667463271250966
4.455918070730463  2.080521784928765  -2.589723997379957
-10.96445402543963  12.12270100341526  2.971270065012158
17.82669064190007  -4.679843390136246  8.237242273750885
1.325528318693924  -4.312610562318685  1.195083067728024
-3.597320516883125  -1.757369755002081  4.571794590917341
-16.00398732761613  -5.66661708681696  -6.320945759752713
-0.7552997224976257  -2.496745186261499  -0.591773960537481
-9.248283638551928  -6.514505080671027  11.84435283617769
-6.709003419712197  0.3231987567661102  8.821272293006126
-1.381554498546909  2.063146696082205  -5.821246472672709
-0.2068738391672836  -7.665153333493799  -11.8503775085657
-0.7916391898740042  20.50537393439321  1.85430552756108
-3.259365198598469  5.69543458325198  -2.836623379894403
-7.358087504752151  -3.4949370539905  -7.192872178852126
-1.863994188119807  7.552116773137056  -9.6202968705574
0.2167749317501575  -2.625966536246236  10.10090582087653
-7.285547307940755  -5.031514260949962  14.90467643913105
1.273053715591373  3.268929155764089  -1.578665535714059
-0.5719781999301158  1.741101475341354  3.088518547416764
-6.255230629304858  -2.795676134452409  4.427632875097893
8.715379597511543  4.289207306284013  2.512529289237035
7.424925078272801  2.281153177488311  -0.6742426877231614
12.22674312673115  19.31816125208289  5.664456739668481
0.3820768827424868  6.916931376025768  -8.546547922910463
-0.3937662314085582  -2.652201991519745  3.542855306443932
5.422430801980248  9.230785746415613  14.63435411425254
-8.763424498724072  1.396681822925855  -11.59449924544634
2.01060983606604  3.172958548085717  2.451984264366748
-9.123231740069549  9.532706356609436  19.1192390679371
-6.115031626665862  9.162083331415182  -0.7727453441283794
4.674502337026497  -2.888935883372442  2.230078805829563
10.68437294825394  -19.33815198987025  29.80315608864391
-6.182255092320466  3.424599753539447  7.267306019452795
1.76212482793569  -0.3474712585216399  2.645455968078121
1.037671890719124  1.708924206353507  5.317328825340473
-1.124262305458547  -1.167847069705531  1.337077892992518
2.313130409539589  0.7365217004754655  2.360543352880242
-10.95503045140515  -19.63295343128856  -6.354554157054248
-0.372742210726324  -26.27046145544174  7.812005141598452
0.3130418398434009  -5.7380314579172  -0.08688859526789183
8.940743560100216  -8.507436121773532  11.23236917301944
-5.003803910778752  -1.861253507799683  5.526738102438631
6.971592948419991  -7.575897785436299  -9.407196344680077
-1.80577286719781  -21.51243675120986  15.54150889902704
15.42303149471138  -5.728855470562284  5.969700334009286
8.639821392488258  1.840149395110819  0.8490980745416914
7.734441131335323  0.553329103398247  3.65918708423942
3.964394647890928  -3.944013213680523  14.67880067649543
2.05269716408415  -2.837175809634997  -0.01388273630432226
5.519963064755374  -0.8936292129620287  -4.854939419748662
7.040775832381523  -3.077041950780347  3.053072568829645
-0.8397169800649552  1.271228709708995  2.247122322661681
1.795819733981733  17.48076293749471  0.6485062678870575
-12.99213103263255  0.6258623917156768  -0.746387858692758
-1.647552112488634  -0.007861887523458733  5.048306993924366
-13.6064370339322  -3.923518186715584  8.304969510366742
-30.9351851502524  -8.967989205957883  13.06997373492673
3.293922264962839  4.261526703242501  -1.564407300485184
29.18430290320691  13.36490300017276  -2.01143752764689
13.60024156707475  -10.10337793935638  -7.832569994898784
-0.6189089028637521  -2.298166670390631  -0.4218912227485203
-0.8551511137254904  11.35998365485514  15.85480171134066
3.612707540176223  2.215763460342298  5.163872590330775
-5.197459567286823  2.840539702387755  -1.948112630813599
3.413898744161155  0.5991655264135736  1.464047717302902
-10.04265263510203  12.08376034013797  -0.3463919906758855
7.122791065357348  0.1988005309668427  -1.927521680088841
10.62696265883861  -0.1583447592439816  -4.714736719416443
5.990603905373631  -4.045145644200699  -1.306431419144812
-2.955859966707039  0.5046037736219183  -1.136872535700802
-0.4709354065592338  -14.54494129879009  0.1317479242458748
1.671924671461652  4.57752051799296  14.75670211870074
7.558891237203923  5.07164043136127  3.514974536041799
-5.914042175384137  8.097986753041797  -31.7105081722482
7.859184607988063  -7.55605894485037  -22.38956374084879
2.603585786020675  -3.640501717134913  -2.022447986081391
4.8844613187471  -2.55236622750354  1.301659712197319
4.11878715493202  -2.141569993596674  6.10208372470202
-1.094460254146584  1.731444400165951  -3.144645042972563
21.15144525668492  3.681829162578353  -7.561803064670177
-3.507819587050369  -19.49348704275975  4.714962351004704
-1.44608868563283  -4.866737876608695  5.602580809617717
-4.852544102500293  3.378032820421283  9.348667705491174
4.460155491663668  13.75399039465941  37.88267393838602
5.416383195404783  -0.7912487877454529  -1.278025974277773
7.896081539187655  -20.81654202706077  -0.1622431987048938
-16.03308982203758  -1.206867484981629  5.612387702430982
-1.908049166852819  -1.688913554674396  6.73044953477106
-12.3301777413235  2.229224330863985  -15.24902681077717
14.41246621659916  10.35039138809177  -17.01372179771801
-0.1014088035423943  -1.144741879502986  2.326474474604145
4.704845569721645  11.92238448628413  14.0281724330507
-2.212933367428975  2.584338129620541  12.35035759638493
-1.539206216264853  -5.095596015461838  -0.7932159396407787
13.06935868858744  26.38329617511668  4.008635968238477
-2.296674537680744  -17.40082883816299  27.88906196819287
0.6086414313280062  -0.2932335328521203  -0.2778426605861253
3.188292093385151  8.897998066629079  5.644182986626111
-7.132001078627662  4.018040607904734  -4.136489870824725
-2.969073551609427  0.6545044345525847  0.2507571422461468
1.73656104150172  6.791658783151013  8.303605450182083
4.260358956637331  4.457098555502546  3.383002762681137
